DS1,0.0,0.0,612.018401847586,88.75658903319793,5.981523993619209,46.256871522383314
DS2,0.0,0.0,4968.597180484354,285.23464894230847,167.43959615308327,180.54721049343922
DS4,0.0,27.0,54015.79359880065,645.8151588810654,3309.97897651272,2347.893183292051
DS3,0.0,0.0,23896.142679031585,248.42697510365605,507.3182759657958,1027.993610001733
DS2,0.0,0.0,3557.123472394411,283.1876359562848,31.39672536566275,147.13365120429063
DS1,0.0,0.0,265.6248683819481,118.44833348511294,2.1272426247932485,12.117315339830313
DS3,0.0,0.0,21424.39241827089,277.7230185534098,626.291420210337,971.3282970940097
DS4,0.0,1.0,58559.83630450934,615.9389932120199,2149.46789059532,2210.912129222493
DS3,0.0,0.0,17950.95718271116,296.2625880784599,426.5536655188734,803.1477000933028
DS3,0.0,0.0,13187.046503127243,211.47668514230594,737.2722082873197,482.24066683003537
DS4,0.0,1.0,70236.36464656201,728.3179699594848,2037.385184499142,2230.1946963913197
DS3,0.0,0.0,15736.090660812213,207.87542570249025,598.5466485450943,570.2658495573888
DS2,0.0,0.0,4776.073160735253,268.6663962780323,55.18740021404713,179.45338045441952
DS2,0.0,0.0,3659.8306802554293,236.54725305333034,79.32377079816987,139.23312344152959
DS2,0.0,0.0,4198.100494844753,275.27831841583316,158.0356841828923,119.60377692869776
DS3,0.0,0.0,14827.945271863406,282.62498832638823,230.96768688087664,626.6534063554548
DS1,0.0,0.0,598.6021985484942,102.63580814934323,4.228816795251001,27.07451474871022
DS3,0.0,0.0,12133.13971125818,217.11876100456874,737.7748317821868,476.3482088884216
DS3,0.0,0.0,24618.68926544743,262.17205333129726,1277.9926495289274,1032.3375933872255
DS2,0.0,0.0,3730.8968667324207,229.9525220222876,173.31311338106735,157.43571830856595
DS1,0.0,0.0,419.3761580606228,69.05288303488557,3.8531501525784275,33.593213817905486
DS0,0.0,0.0,0.0,25.210460670175753,0.0,0.0
DS4,0.0,22.0,48937.778054155904,729.9477700575798,2973.6894969415193,2513.15014999577
DS4,0.0,1.0,67209.32141556793,847.2369983929125,1155.2684248480145,2285.607574282337
DS0,0.0,0.0,0.0,25.327019638738093,0.0,0.0
DS2,0.0,0.0,13778.136875512822,602.6872403684376,87.22399546078421,441.8012632799539
DS3,0.0,0.0,9150.69094149007,380.3502100202368,154.04921736982905,370.4805566048923
DS4,0.0,1.0,73889.22071922098,651.2273537531497,1549.2261707169735,2068.873680518839
DS2,0.0,0.0,2993.417932373596,191.42914849016722,29.574613109156825,124.21424419228629
DS4,0.0,1.0,32992.50993414632,637.8616012442207,878.7262588785717,1637.4671708962032
DS2,0.0,0.0,7947.023922139957,237.37716076852809,165.6307326631881,400.3757949054985
DS3,0.0,0.0,11519.337315282532,391.629323573918,227.5868985207237,441.8941971729326
DS1,0.0,0.0,3816.233102455953,77.23521064005284,7.933938889662063,120.1577893058189
DS2,0.0,0.0,5081.12002003898,330.5029109652631,21.270112259667005,137.9075351533559
DS0,0.0,0.0,0.0,39.45533160132945,0.0,0.0
DS2,0.0,0.0,8615.636119501256,257.08099983268625,135.55723230997592,274.64370529111727
DS2,0.0,0.0,8418.360855826955,201.71392983520445,114.72242981759881,391.5472401669567
DS3,0.0,0.0,7542.836096048644,376.9609677756126,110.47426729226667,521.1072686339678
DS4,0.0,0.0,25395.410211893308,627.8514028326895,105.91929711404255,892.443993575233
DS3,0.0,0.0,21385.497479173486,333.3444794336922,158.0899420549525,1072.4194425273995
DS4,0.0,0.0,28947.812978568207,592.6582209010592,271.7569644009705,784.6753629285473
DS3,0.0,0.0,10607.054092310605,474.1300076271857,112.49630204169308,605.5783075355724
DS2,0.0,0.0,8552.060783987432,283.6189624424133,130.31141667646853,220.61852546862355
DS4,0.0,1.0,29404.67550307989,676.242829746985,863.319381141804,955.70228220606
DS4,0.0,1.0,59593.830809553954,576.6414938155838,304.36167828931366,1866.7250255857775
DS2,0.0,0.0,6585.217717132727,148.55028115009472,42.21151332799086,225.82575423263623
DS3,0.0,0.0,41934.23160242674,274.6778171691888,228.6121307771586,1522.3712896511265
DS4,0.0,1.0,56893.08146991294,622.8774237530292,894.8920666899435,2838.9381425459974
DS1,0.0,0.0,593.5327448407055,136.7311485276545,2.1901364232393505,24.107353493170134
DS2,0.0,0.0,6073.269357224741,163.23164841752111,65.92558712751736,224.75417182612844
DS3,0.0,0.0,21560.361988909444,355.09546387655286,382.1687581286845,699.6208539870967
DS0,0.0,0.0,0.0,72.8993207544917,0.0,0.0
DS4,0.0,0.0,37162.07392880999,552.4221145682421,276.46493258648457,1178.725650530323
DS3,0.0,0.0,6854.552859398764,381.36023230284223,53.62333346640537,523.456908823988
DS2,0.0,0.0,7506.247723287802,222.56546244300432,74.7540494307033,470.6564005952228
DS3,0.0,0.0,11687.596104599928,469.07231476060525,68.95234038777103,415.46110526419807
DS1,0.0,0.0,851.5612947931065,137.02618098760192,10.952250476268913,64.17284995587667
DS4,0.0,1.0,24538.193911574566,884.9167876284239,342.91512548395997,912.7370423848753
DS4,0.0,0.0,34426.79130096802,460.5354373741083,249.47934273137994,1144.1672500646448
DS3,0.0,0.0,12981.66208145198,242.51144393818407,134.06043709294664,439.7578478164768
DS2,0.0,0.0,8225.390771734239,235.0982396396022,162.20029806440343,386.56792943096997
DS3,0.0,0.0,28008.019237326283,405.2103963244157,218.64190907039293,1354.3408383822114
DS3,0.0,0.0,8088.468101445723,308.3230325658479,99.59419878489352,342.3834882691724
DS1,0.0,0.0,1814.2395467360943,97.44230862842731,9.422187877016707,68.5927676665953
DS3,0.0,0.0,21638.886502412195,409.36759927729463,99.19443031386449,816.9843881032217
DS1,0.0,0.0,2209.153094350262,67.98938447540748,14.060069496997695,75.08157505094002
DS2,0.0,0.0,6200.126174772186,221.4447463455085,64.28602794098938,236.66119098014934
DS1,0.0,0.0,868.0593348172774,117.29911393489377,8.23037680461329,98.17978628420724
DS2,0.0,0.0,8374.451362946944,231.73898007315194,44.359217897130335,339.6804331995991
DS4,0.0,1.0,74793.63929855349,430.4345867612529,795.8602738136993,1585.1294962899221
DS3,0.0,0.0,17224.7847537067,448.7502339926789,260.78440275984764,1051.1702315200243
DS2,0.0,0.0,4318.19236459422,217.25737907554404,57.11142534916241,267.8428394855913
DS3,0.0,0.0,35602.604785131276,294.45033610793985,799.0663741611814,1591.5459274898883
DS1,0.0,0.0,491.743051536945,118.50035937088073,2.5672292085066033,18.951825139114526
DS2,0.0,0.0,4597.081454697587,177.02401340426823,86.08506107156333,192.95369457625443
DS1,0.0,0.0,1246.2393409583133,69.64640238806219,7.238640318942102,64.3084674307807
DS3,0.0,0.0,5798.873214005427,349.9046485134138,76.62502097688707,288.9243482785032
DS3,0.0,0.0,9020.629210650415,223.29262061017045,101.38431694053651,274.629027846613
DS0,0.0,0.0,0.0,35.16829291619407,0.0,0.0
DS2,0.0,0.0,3119.9395063501333,239.4038436411713,57.87499318306992,117.24138098582051
DS4,0.0,1.0,20272.22040601605,858.2012334050227,576.6004543762549,888.3216417502156
DS2,0.0,0.0,4546.69169970349,170.05661957907057,47.24492833211624,193.14070938502482
DS2,0.0,0.0,3838.995273384471,185.33269692308397,17.573598471455547,178.4757607419923
DS4,0.0,1.0,23459.246303080035,736.1080197665142,464.71436536803856,960.3412767718751
DS3,0.0,0.0,29446.80451256437,255.9076577055667,449.64856548022044,1153.3791503390028
DS2,0.0,0.0,12713.777018837125,224.26724683317553,54.55075159330781,499.20649749406044
DS2,0.0,0.0,2771.0908172586924,181.1867259469397,25.1975402841251,133.0712062259761
DS3,0.0,0.0,8900.507161920352,301.5699116832284,111.69875510990502,466.0829984720661
DS4,0.0,1.0,74686.32600753111,803.2906346531254,782.9369428194603,2603.366762568661
DS2,0.0,0.0,3742.4575397940057,203.57880080848213,33.10511738430939,198.07860703825168
DS1,0.0,0.0,703.6846854356952,109.11412833185317,6.688003883026325,62.34443608201388
DS4,0.0,1.0,49047.65387825837,616.7870605255631,1222.6893541044278,1960.3528144486877
DS1,0.0,0.0,221.45559792811707,94.94436958420613,1.8092107677072924,19.562163812036776
DS2,0.0,0.0,8694.19181138361,187.44127465752365,41.184099397936905,344.90943796829185
DS4,0.0,1.0,48558.3412410507,1011.5328388989415,987.652518666077,1706.2093598309302
DS2,0.0,0.0,4927.394693257542,275.8506962859257,71.19285605404534,239.24993037766407
DS2,0.0,0.0,4400.491845467042,222.17468915902467,27.609796744195947,259.22982334234564
DS3,0.0,0.0,19595.218429342596,232.4735600964698,329.8905821668086,1018.8006053155965
DS2,0.0,0.0,7726.898452555822,287.760263004658,42.592668618901904,324.2004294957345
DS2,0.0,0.0,2620.098544906781,153.22798462460432,24.10931505469966,105.05138270341675
DS2,0.0,0.0,4436.8620383859,225.76939676655059,58.746369732218966,166.43590435665084
DS4,0.0,0.0,22742.20224967137,806.1111635164358,394.50918302218855,947.3456518955164
DS4,0.0,2.0,130658.37226689572,422.4146427040711,2405.1683510483404,4728.10170376827
DS2,0.0,0.0,2137.8609682526644,133.501060348865,23.65278538568841,101.6174616124246
DS4,0.0,3.0,31095.44768774787,689.0210935757583,515.679176295935,1290.1519010228883
DS2,0.0,0.0,7760.485770468411,320.76041525418356,93.53539402603099,407.3502959314264
DS0,0.0,0.0,0.0,70.29873841749705,0.0,0.0
DS4,0.0,1.0,63795.39071677519,601.3902519999608,1928.5547747493583,3116.1806023140434
DS4,0.0,1.0,17251.791003176266,739.5895935025803,406.8737410106681,740.6974618554016
DS3,0.0,0.0,8576.656221320118,345.6522830187,185.14884971843534,370.5705486400425
DS3,0.0,0.0,10682.458098698107,381.91883980378293,115.75293283168664,293.94806010502236
DS4,0.0,1.0,101030.87771042605,712.6793347654917,674.188477227759,3255.83507690048
DS2,0.0,0.0,9085.805279925935,173.60728145037984,80.27931867173373,264.3168424547703
DS3,0.0,0.0,10035.688831336132,332.7161975894859,246.80393792207633,453.63443945110004
DS2,0.0,0.0,7533.131611397404,264.41225329637166,37.06908899608536,390.3729197116909
DS1,0.0,0.0,919.3972006774097,99.93919071199736,5.392444806989147,40.632171670785475
DS3,0.0,0.0,31262.54397836018,704.2729415341046,422.20103174010694,1019.4456539054934
DS2,0.0,0.0,16949.23998100421,195.78239601449886,116.89487911822646,632.8845986997638
DS3,0.0,0.0,10258.788612391247,193.69220656840216,164.87885183693277,567.8982265836393
DS2,0.0,0.0,10457.697281863959,240.14841788209853,105.15788404963429,433.9259163028507
DS4,0.0,1.0,93652.99734027454,578.0395827090339,2492.4666774919733,4182.1362962792255
DS2,0.0,0.0,4603.023361031603,174.09284621209292,40.7847375285243,281.24692387783216
DS3,0.0,0.0,15508.934602360569,322.3563518123225,151.916692975111,979.1256161993716
DS1,0.0,0.0,185.6578951835847,283.3541870759915,1.4163815773461268,18.89971437996322
DS2,0.0,0.0,2375.679826186939,168.17263584169402,34.38193178325667,109.61232404049134
DS0,0.0,0.0,0.0,29.744001811203482,0.0,0.0
DS4,0.0,0.0,23743.64457450863,490.1750320759269,249.1650937284337,627.9320677274417
DS3,0.0,0.0,16028.528745958956,235.31108093592633,133.62325441457276,665.5091365434741
DS4,0.0,9.0,69362.99013572783,613.430091270413,1600.072054820838,3744.531117216265
DS2,0.0,0.0,9694.352540827484,220.98704798932422,90.11188179993546,317.8410014146008
DS3,0.0,0.0,25543.078360892097,318.0543230427305,199.22020355922487,1484.2436487898137
DS2,0.0,0.0,6908.795306104082,220.46682001572415,38.93710511945695,271.22840511857373
DS3,0.0,0.0,22409.394390097725,401.6465017776779,355.77339954830654,1114.3801108780174
DS0,0.0,0.0,0.0,23.677552658194987,0.0,0.0
DS2,0.0,0.0,2518.609095399873,150.37449173171677,36.863339971275245,102.79376118813038
DS3,0.0,0.0,25557.860215715235,284.6429061792926,314.33310918568395,1852.520366305597
DS1,0.0,0.0,1398.2822596345259,183.4640207782998,11.44603970898292,90.79719490586145
DS2,0.0,0.0,2825.8967363296815,235.0991924015938,35.60101938882096,127.00484662564213
DS4,0.0,1.0,43167.255060829164,484.7181065921909,1059.2776504061817,1679.3386701833347
DS4,0.0,0.0,16762.953185802457,578.6184795127458,456.54850333364675,1005.1925697608705
DS0,0.0,0.0,0.0,29.11021922634552,0.0,0.0
DS2,0.0,0.0,4012.3882795399286,218.26736696699436,35.20960200956098,125.34471577859418
DS3,0.0,0.0,17823.357016856102,484.90235825849254,193.67373861526588,788.919198777499
DS4,0.0,1.0,25351.33981374588,749.4766637200825,243.78678405285126,1215.2404437864152
DS4,0.0,6.0,51104.01846872689,581.2522199497862,245.61976339470297,1849.6439495081856
DS0,0.0,0.0,0.0,110.41913437044866,0.0,0.0
DS4,0.0,1.0,63316.671947510826,498.15311468951126,335.94851176553766,1777.465298694979
DS3,0.0,0.0,20004.328575797088,330.8644865078993,760.6204925054133,882.0015240975358
DS3,0.0,0.0,24729.35023039456,714.4750144002296,846.8462080260775,934.6696526334654
DS2,0.0,0.0,5413.660770288534,291.79861002252466,208.9384023261969,194.10905391070582
DS4,0.0,1.0,71676.32648195105,554.5219163631789,3808.7494684195026,3012.2301712264552
DS3,0.0,0.0,10398.729319644237,445.0392229908243,409.475918606719,467.1685258370893
DS2,0.0,0.0,3023.8318770067444,201.7102796535803,88.92726471123791,190.5196107734371
DS1,0.0,0.0,645.0153940357892,54.76283710652203,5.994494684868551,43.67327013012031
DS2,0.0,0.0,7437.480682766202,221.58821351609075,288.4980998100081,267.50562986148304
DS2,0.0,0.0,7929.322815713229,195.07428259536445,140.1644147964227,295.4079902014365
DS1,0.0,0.0,351.3913254066525,111.38341580288403,1.8985600148304054,19.33389025864296
DS2,0.0,0.0,6819.874716422563,143.80227383191882,277.4974643112278,362.066774376494
DS2,0.0,0.0,4570.907972213608,185.14487664191728,54.860077389157226,125.16688242356875
DS2,0.0,0.0,10854.558411960508,240.21871838321874,165.4492744220617,330.36355552337227
DS4,0.0,1.0,43049.42030350704,592.1002527237218,2684.629979867293,1615.4317736305002
DS4,0.0,1.0,46732.4606928117,533.9510660796448,3879.0720538015144,1580.285672902391
DS3,0.0,0.0,14105.43339117839,444.2863679082142,432.8847435037994,714.7495019998123
DS3,0.0,0.0,27174.471329488628,354.99451981271966,653.4662899230914,968.2900211186682
DS2,0.0,0.0,3818.26502507081,234.1063583508421,156.50849860754926,160.19130713743687
DS1,0.0,0.0,430.7451594484307,94.68846574760425,5.169470983878634,27.790667095145373
DS1,0.0,0.0,289.3687297848893,68.78282374617876,2.380105672585814,20.721931305750662
DS4,0.0,2.0,41624.01509522579,688.954947304624,2515.4936927339236,1726.481771934117
DS1,0.0,0.0,594.4808190883532,101.03771249437074,2.250668600778735,27.34607840706997
DS3,0.0,0.0,14377.056041097343,389.9037536027353,151.0651506156716,512.7593129421977
DS3,0.0,0.0,29959.09715528667,248.12348515765296,250.88827592638373,1330.1856455168763
DS3,0.0,0.0,43066.79069727642,224.69951782349395,243.10321654151375,1970.7727828729103
DS2,0.0,0.0,5140.707204086924,275.66375917065005,27.19954439627997,246.38651822469672
DS2,0.0,0.0,3896.4646658455486,219.04647504393796,54.579737079649114,156.2095950313858
DS4,0.0,0.0,25701.931575145652,595.7751882655047,312.013519138579,744.1529494959705
DS4,0.0,1.0,65600.57995793919,475.6720914958748,1165.861579977249,2801.6973933954523
DS3,0.0,0.0,17860.99189024692,305.9881622308468,371.9567386292525,542.547568776997
DS2,0.0,0.0,1846.3109099281958,143.54547501757298,9.157965596308504,60.43632862318181
DS2,0.0,0.0,8812.901528655264,456.45644893935264,38.98555105459411,407.036272435954
DS2,0.0,0.0,2280.8196653762125,627.3954375862376,26.336187066648737,121.03215025608314
DS3,0.0,0.0,19409.08829470467,246.4514096857255,321.25260399523734,834.5375703196687
DS4,0.0,2.0,25391.752899844978,577.6243986613766,345.6548670121898,948.6850618835455
DS4,0.0,0.0,24389.2440808518,693.9161528715246,279.368444974353,1070.1250048870108
DS4,0.0,0.0,16228.822634931988,586.8014380112478,577.4215893095478,932.6421325948962
DS4,0.0,1.0,68154.09438053796,830.9137041347295,617.8737035343136,4926.816508558284
DS2,0.0,0.0,5567.353410667014,223.97756017686146,108.86326119152437,254.95760167381894
DS4,0.0,0.0,31397.031531475615,852.9570792246445,626.5838710358905,1030.9817598866384
DS2,0.0,0.0,2598.496519040931,197.52266964853675,30.043893052194377,111.68563673513391
DS4,0.0,2.0,58578.46407961867,634.1606203597519,1854.4744648805909,2257.357088724155
DS1,0.0,0.0,1448.4581040500454,94.94962493874336,7.921285866441668,53.25404470169883
DS4,0.0,1.0,87729.27492456569,831.9243640002853,829.1750417032222,3324.398893998905
DS4,0.0,2.0,20182.06752753078,578.973039651167,555.0358201931552,1066.1159247626802
DS2,0.0,0.0,11985.117012402387,124.94758757902949,75.67358148604745,394.5605559683907
DS4,0.0,1.0,43251.17977693704,948.6486590961929,1487.52572975534,1457.9458241401655
DS2,0.0,0.0,4131.425829730621,193.74184055048354,60.081812109231,158.68294652894735
DS2,0.0,0.0,8119.680876437327,149.70313352327003,66.10889831416014,436.9531231842473
DS4,0.0,0.0,18127.191712157604,569.7916260067998,85.83902899636993,546.9188846843293
DS2,0.0,0.0,4297.3878175915,264.15169166542563,91.68316330219353,308.3587085881704
DS0,0.0,0.0,0.0,342.711485470488,0.0,0.0
DS1,0.0,0.0,622.0900518873577,93.97299259030402,3.8646403688150697,48.66907538697196
DS3,0.0,0.0,10296.015396521854,678.5687690331823,97.15449765799849,509.4198351302136
DS4,0.0,4.0,25593.42054582975,658.9131464766771,558.2335401666716,977.5176037585761
DS3,0.0,0.0,21856.621658012507,361.311230746072,143.1819200941511,555.9038810262477
DS4,0.0,2.0,56202.85523294853,504.0348268743064,958.8711394777301,2412.2799862514294
DS4,0.0,14.0,80041.44526059002,630.2976014575953,1868.328891048484,3400.6288440400317
DS1,0.0,0.0,379.6405394769993,724.0381781778148,2.2868892440475017,23.24139335195185
DS3,0.0,0.0,27490.014548409883,372.64117619440884,258.8537796187319,1445.4934963364765
DS4,0.0,2.0,106888.41647808944,877.1046947568478,934.8697843509182,3621.5384522403842
DS4,0.0,2.0,100272.38265928658,842.9887704926148,715.7586361579288,2751.395276662188
DS2,0.0,0.0,2095.580890880532,264.3885225555814,34.899786088271135,102.05049907865987
DS1,0.0,0.0,549.7181412061834,70.52336817480536,2.5291554939446943,27.165066130234354
DS4,0.0,1.0,55046.72651250332,622.5587134904838,1208.101577701117,2555.3252960894893
DS4,0.0,0.0,33430.35428592448,575.5853561948336,455.75598629754114,1359.3898846317288
DS3,0.0,0.0,19684.768881086184,371.45362129612613,254.2931108143685,768.6327455114431
DS4,0.0,1.0,45104.16161590083,603.1374292163287,2315.9144091566627,2021.6380797555787
DS4,0.0,1.0,50711.13648905013,596.2868661826537,868.5990537291416,1902.9894085231776
DS4,0.0,1.0,40621.51035250364,578.5633352349196,812.486486822948,1963.0605015753138
DS4,0.0,1.0,37790.89047896493,632.0033695904791,758.4554053650414,1478.5827772735104
DS4,0.0,1.0,55733.96664519532,607.5908991175704,482.8677629957873,2486.2217004967515
DS4,0.0,0.0,31574.57783047327,477.37877553810176,183.66422957672123,1055.1384570237515
DS3,0.0,0.0,18416.926441241187,257.5217684563303,236.8406162238552,1172.552084028054
DS0,0.0,0.0,0.0,34.114130311878725,0.0,0.0
DS4,0.0,0.0,36324.266447584734,580.1721428931326,923.5182866053677,1197.035554037277
DS2,0.0,0.0,3538.3876369162904,326.3372589598887,50.235536052578105,126.4107136809604
DS3,0.0,0.0,19561.08499491933,246.01443200593232,326.4293849494956,642.9770065332648
DS4,0.0,1.0,25077.5739041701,552.054924704036,355.04352430544327,944.9900842989041
DS4,0.0,0.0,16823.188476136067,617.8318016930984,233.48736760687245,546.5334732228484
DS0,0.0,0.0,0.0,20.206558477525522,0.0,0.0
DS2,0.0,0.0,5073.827862738046,300.0271396346573,61.45692366098012,221.58352298890878
DS3,0.0,0.0,10181.255588471076,396.6802986745935,80.01826163476728,351.28268732057256
DS4,0.0,0.0,24754.7684741154,1007.8030644005653,263.1586764179959,1125.9516851524868
DS4,0.0,0.0,27000.476076603263,572.3370291718868,550.022044629846,1078.4038761596184
DS3,0.0,0.0,18869.42788155821,336.8746525003279,482.9098138086659,1264.5583807883525
DS3,0.0,0.0,6679.687527974007,349.7385082132074,161.34712667252364,397.949361873174
DS2,0.0,0.0,11378.179160541064,140.1246271442498,106.88390602373828,489.2220880833912
DS0,0.0,0.0,0.0,164.70173897217762,0.0,0.0
DS2,0.0,0.0,4075.636794334289,299.89078410541805,50.98223111158363,204.3443686082933
DS3,0.0,0.0,32889.7709055315,259.8491418004403,767.5714678102365,1152.7198270541774
DS3,0.0,0.0,26817.881076555237,358.55979445777984,224.57614548022943,1021.9877178508663
DS1,0.0,0.0,229.30816573979394,68.64713474922792,2.5717641513572866,13.34617255126895
DS3,0.0,0.0,33144.78964940747,285.9494984463281,486.2598322892841,1173.37228456742
DS0,0.0,0.0,0.0,108.14498193151054,0.0,0.0
DS1,0.0,0.0,927.9698938557424,223.22064725956804,13.111847635306052,83.7502790060487
DS2,0.0,0.0,6575.86251439313,280.18651739926764,122.88426037995904,374.00817848729935
DS3,0.0,0.0,11211.851882532803,465.414375566571,106.45721335253741,374.8018544445077
DS2,0.0,0.0,2456.7003208559186,251.8478708494559,35.85376381513912,163.72706732746676
DS3,0.0,0.0,26781.565716814068,304.1365340794707,163.64076097371864,965.6195995594522
DS4,0.0,1.0,45350.36799777828,532.0586402249315,474.5541394332603,1716.3356674581455
DS2,0.0,0.0,1499.9361012870272,218.4791350024538,33.54018390292948,90.15242532036565
DS4,0.0,1.0,16413.761583823816,764.8003085368383,77.55857749895402,506.1147144449651
DS3,0.0,0.0,19507.813199693603,243.0659671485643,384.4518761046613,824.7360869300984
DS2,0.0,0.0,5339.854554893671,343.5654014397029,111.57180949543525,229.14758403265844
DS2,0.0,0.0,7239.232730200591,193.55642535122007,51.72046293510448,458.0139062228008
DS4,0.0,1.0,107850.4541729886,633.0837361838315,2257.770071319322,3919.8189736006143
DS3,0.0,0.0,30824.902749076893,259.6925544182553,234.21552779870288,1785.297642605797
DS4,0.0,0.0,13240.898372079499,698.9031121722379,194.81276536503734,661.3395995351389
DS4,0.0,0.0,23626.09488409839,886.50711918972,523.7469924319869,878.4795213679939
DS3,0.0,0.0,21012.331090124557,361.508712379523,327.61628789650047,944.0851832740218
DS0,0.0,0.0,0.0,13.589940782278452,0.0,0.0
DS2,0.0,0.0,7334.2724459107585,176.0562810303172,91.6166535387357,273.2861510963604
DS0,0.0,0.0,0.0,303.6201262393274,0.0,0.0
DS0,0.0,0.0,0.0,14.725793903432447,0.0,0.0
DS2,0.0,0.0,2941.160144063939,198.35161683021514,49.39360421592239,120.72386685580221
DS1,0.0,0.0,751.7976043714729,143.0021739733515,3.0011875325947392,27.750103942563868
DS4,0.0,1.0,79877.79450174689,517.8179733378026,2426.135543517032,2309.6887945046115
DS3,0.0,0.0,22931.535117796768,394.83257661456133,407.0086812331677,715.4840821058758
DS0,0.0,0.0,0.0,75.83003299499572,0.0,0.0
DS4,0.0,1.0,117878.4274682753,628.8677902843582,866.2035511274387,3939.3648478075056
DS3,0.0,0.0,6794.350051983492,370.62931649209554,102.39313591802362,348.48105975983606
DS2,0.0,0.0,5092.862355431534,210.74817913565107,84.6858118348924,261.2757404747111
DS2,0.0,0.0,10841.256372405396,209.46325954165687,89.338741687299,565.0729967647987
DS3,0.0,0.0,18578.413653055894,234.74672674525266,142.58961935688353,480.22331215406086
DS4,0.0,1.0,20184.633494399262,590.6178182869739,655.8689186859648,863.3034988343115
DS4,0.0,1.0,36874.89623008791,723.3096061319923,919.1047553622961,1205.3401736339483
DS3,0.0,0.0,25870.627600763495,421.45422421837543,1048.1320456966541,1517.962646293262
DS3,0.0,0.0,29495.428323116248,270.81471503234076,206.54185598025566,1687.383910022923
DS4,0.0,1.0,24298.648736189214,658.0284144954719,686.383156396362,1252.5398118179296
DS3,0.0,0.0,18173.166257174205,358.4129730065122,379.29845028950297,800.3024455757966
DS4,0.0,1.0,71711.95680043878,671.3749293855662,419.26295423742994,2262.322882136502
DS1,0.0,0.0,944.461654255229,178.75928830004239,5.439917858426048,75.85148209047799
DS4,0.0,1.0,97322.2905156691,560.9644764409743,1565.4490067931754,4022.7001198652256
DS2,0.0,0.0,17304.42851945817,292.6434810063771,114.91100808879669,530.8750588310132
DS3,0.0,0.0,28362.968730344808,302.4988267011197,594.6546362836174,914.6870304090166
DS4,0.0,4.0,16685.333661831937,589.0206404621154,177.61835608782735,843.1506945982381
DS4,0.0,0.0,40388.89293013555,616.6381415865758,558.6212685065896,1426.9056070763265
DS2,0.0,0.0,7812.519626629281,238.59210584363848,28.25288253550791,275.9945236584516
DS2,0.0,0.0,4271.3790770273845,252.8637161954428,33.880773123651984,157.94711331842078
DS2,0.0,0.0,3335.0124843457897,481.1674941399187,34.66014168338767,209.5684966609704
DS0,0.0,0.0,0.0,219.65901730750477,0.0,0.0
DS3,0.0,0.0,19326.02651921652,353.60828135288523,415.8229720395907,961.5721838998422
DS1,0.0,0.0,924.6426277799292,77.79189612221427,6.38641474097143,70.09979833532515
DS3,0.0,0.0,17341.00999947192,481.10831113359194,302.0826504795211,705.81775053419
DS2,0.0,0.0,4943.10601589432,293.4130992233933,21.479985774115473,226.2290310896487
DS3,0.0,0.0,24261.862761785567,426.1537549538882,117.00044708847237,867.7651996260763
DS0,0.0,0.0,0.0,33.69636392047923,0.0,0.0
DS3,0.0,0.0,14893.738394749038,253.26224736160532,142.81754387028084,597.1691976306937
DS2,0.0,0.0,7449.487238932232,321.72059518996343,35.453953911756315,300.1616132202521
DS2,0.0,0.0,4458.296686061879,318.1862113707336,25.86391893579514,188.8182985117967
DS2,0.0,0.0,5256.320206365932,182.36534446347497,77.29145416090957,206.10306679380113
DS4,0.0,1.0,103091.3473913726,771.6198340798912,538.8623253401822,5146.973212801332
DS2,0.0,0.0,7070.019636365265,205.00010685471358,72.25352124540132,455.19248801837483
DS3,0.0,0.0,10670.360773348844,257.89272167800493,249.22502857878413,288.2040878066529
DS4,0.0,2.0,141430.17866380306,789.8642623966268,979.7277396465414,3862.6122185766094
DS4,0.0,1.0,38039.97783307255,810.0713566923835,534.4254126759213,2064.9022738789863
DS2,0.0,0.0,1782.513513891364,239.11490251352302,30.04718936330418,83.76592550125311
DS2,0.0,0.0,3299.3705154609033,163.87918015043977,42.67789223515498,151.58412486306366
DS2,0.0,0.0,3781.029699493977,227.93144346692748,37.66552903539595,245.89589427526494
DS4,0.0,1.0,46378.07370395628,544.5344199639037,2715.002609083268,2358.7025889274946
DS2,0.0,0.0,2193.1490466075284,237.778804732313,34.2103732469033,61.380997678187285
DS1,0.0,0.0,900.4618260724923,142.4968608521501,3.829230255892762,45.92466278331888
DS4,0.0,2.0,100073.11374581866,911.188071905932,1333.5159897762796,3568.6920927986916
DS3,0.0,0.0,10122.652179344881,349.7249285579969,124.79400053365497,488.3281835174673
DS3,0.0,0.0,36662.42912233115,246.1266886680293,176.36900404416514,1481.5925858050266
DS4,0.0,1.0,70981.53470410552,619.2810051611393,302.4862514214773,2043.5473625732584
DS4,0.0,1.0,29545.883773547095,726.5581421418112,842.6497401128923,1381.8295838984839
DS2,0.0,0.0,2448.806667664598,248.37171911405062,35.848977627431175,233.72449896707502
DS4,0.0,4.0,17526.25593617376,561.9304617431013,252.17687293451786,659.9502378663396
DS4,0.0,12.0,101294.40239746851,787.3522149514156,1258.2777238313834,2679.4009133115956
DS3,0.0,0.0,12565.173474310579,257.90906583430433,172.8318373910429,406.7627217234345
DS1,0.0,0.0,989.8362679162275,72.27176146774009,8.985644767825804,65.19005135223311
DS2,0.0,0.0,4957.308055780345,917.0300679680685,24.784024216708623,160.63673545772437
DS4,0.0,1.0,66431.11971068633,421.90753295703996,573.2977783461049,2507.740116288024
DS2,0.0,0.0,4925.304623415954,194.1398708467029,54.65462277664796,324.31184901595134
DS0,0.0,0.0,0.0,49.642419198657926,0.0,0.0
DS3,0.0,0.0,7990.819742634166,312.4058400205164,193.23691618562623,441.2505693069079
DS4,0.0,7.0,80078.99104884091,625.0151426066617,2013.3129880226759,3319.927899956484
DS1,0.0,0.0,408.06709200029627,92.15103218283691,4.230164788849065,14.14722191074791
DS4,0.0,1.0,64784.73799091491,1016.6598033732035,2944.6817950491104,5066.780893628805
DS1,0.0,0.0,1379.6186791720274,102.10363706101674,6.818362892375468,74.39788371833413
DS3,0.0,0.0,10640.864622506608,221.67375125472114,105.28066029384445,332.82761135877655
DS2,0.0,0.0,5654.016315060684,190.9940004733252,46.669502920550364,207.63195905062545
DS3,0.0,0.0,25865.425764777643,378.93221909554984,283.05515061741715,1181.5529546916778
DS4,0.0,1.0,57705.8386591395,605.5883068282462,334.9652780653772,1766.8074448919092
DS4,0.0,1.0,22329.625889190782,773.1839155905423,293.15374112461836,773.5161732442716
DS2,0.0,0.0,7683.210255630576,264.82349315560685,147.96226675116208,628.8473091560605
DS4,0.0,1.0,29049.86507454073,374.1885420922431,255.05366389987307,1343.5181620232104
DS3,0.0,0.0,7446.630784403365,443.2202015990212,229.1175164991992,352.64767255193885
DS2,0.0,0.0,6569.493881776901,318.97510106880486,63.6258508576618,264.4428729417376
DS2,0.0,0.0,7423.846144666085,168.83644713251346,70.31836152596766,559.8105340608811
DS2,0.0,0.0,3187.592533408025,188.13983108733882,47.372665758479855,326.5577545086223
DS4,0.0,1.0,60682.28136648398,781.656248504986,858.6057897986968,1281.7460766102824
DS3,0.0,0.0,3126.550214737839,342.31977430343505,47.856713082079324,121.54742735037559
DS3,0.0,0.0,8108.931975786896,364.5673419935356,125.59628009455727,296.6747672387575
DS4,0.0,1.0,28301.2763699113,727.0222638541442,1511.6914887963535,1299.572602741707
DS3,0.0,0.0,11012.04866238946,428.3415491722926,374.2979978161721,419.33404302475367
DS1,0.0,0.0,249.0006213959087,216.55590534285267,1.5507937720817235,12.439932730945156
DS2,0.0,0.0,1343.0153412082714,223.6927798114264,47.624405512954674,79.52652143962254
DS4,0.0,0.0,18130.40525252541,776.9877085635885,1488.8385641027112,1105.6294875026458
DS2,0.0,0.0,1985.4664566943181,436.47918785196686,48.109305228514266,125.66548199768344
DS2,0.0,0.0,2296.1922181227887,287.34728958413075,89.33825027758854,127.19181236865592
DS4,0.0,0.0,10322.562418024909,849.9698410404253,155.9361279823198,329.4473469496247
DS3,0.0,0.0,9817.492771298626,370.83239049430097,714.6346805344574,475.89424614903146
DS3,0.0,0.0,10749.52255103398,381.5784256930016,105.26391852646464,498.2947685296309
DS3,0.0,0.0,8078.936435151379,316.07524988652403,170.99612056171546,351.4769404129654
DS4,0.0,1.0,31467.3196888967,671.3902736697297,1306.2748511881807,1093.240232856614
DS3,0.0,0.0,4081.7791592265066,286.6113411845131,221.93583643405677,151.00000717081898
DS3,0.0,0.0,4219.472027220517,501.16387580243827,64.78172803684096,197.59306348308422
DS1,0.0,0.0,58.85753427767153,105.40078329100118,0.5723570397898287,1.9793289545939066
DS3,0.0,0.0,5891.80634485154,273.95874185387424,115.59165647118283,224.43574441821795
DS2,0.0,0.0,3109.334882478127,266.1581825747862,60.14260071896519,106.62722302397422
DS2,0.0,0.0,1616.049724263788,263.83129640923335,6.766106212029514,53.78289955762527
DS2,0.0,0.0,3284.29024923034,289.06169629663634,20.60133435223259,139.402383366919
DS4,0.0,1.0,25974.244309112055,472.858836493204,561.2615579346218,846.0450567441276
DS2,0.0,0.0,1750.6081983857296,170.62196171500867,32.11681309002442,65.22761625379579
DS2,0.0,0.0,2966.0123244941014,180.03865019193893,63.746069012612615,117.33387087577822
DS2,0.0,0.0,4606.208203550565,182.58977476912077,122.44805521200611,157.51267321625554
DS2,0.0,0.0,869.8458839322825,303.896794797583,36.00836743721484,50.77363004341787
DS2,0.0,0.0,1429.738009412531,190.66857095263012,26.606214697302402,59.942553144370066
DS1,0.0,0.0,117.83724692600522,124.17746331614805,0.9686716123511532,8.029378754288144
DS2,0.0,0.0,816.345606512397,200.91579731832744,15.549537730617502,34.843169898468034
DS1,0.0,0.0,64.01172228016611,100.16508078166332,1.0384113461052868,2.529993338024686
DS3,0.0,0.0,4426.366686196383,595.4220765164691,297.1979325579062,185.40698555205137
DS4,0.0,0.0,17402.847742146027,868.5835635436904,506.86959116228974,898.234419259956
DS3,0.0,0.0,6289.297396648059,280.08098609802465,134.11899902413322,411.0358385241891
DS2,0.0,0.0,1635.878161283003,159.1666891374674,18.167418414531653,53.63987441481065
DS3,0.0,0.0,5086.963124239985,358.2244815869225,121.64972380814154,161.18326582208948
DS4,0.0,0.0,14180.322495171677,797.0301156118844,139.61919115402668,460.7816478357031
DS3,0.0,0.0,7038.455376088748,310.57296910206327,279.42221935845384,300.10722066289344
DS2,0.0,0.0,5074.148181014915,233.07834839091794,48.27529979530783,192.4454986363683
DS2,0.0,0.0,5353.260397268242,418.0691049379289,119.59915616275819,341.2089406581663
DS4,0.0,14.0,74841.7282092195,473.35007882971684,2033.0441202883167,3449.556978767633
DS4,0.0,2.0,56129.38756868501,359.96030014267376,1709.5763060183303,3257.342477848752
DS3,0.0,0.0,22769.534857278137,250.7840928012971,214.68035670031944,1252.7140680259724
DS2,0.0,0.0,11331.741438959856,172.33833990611308,91.46583828231715,272.6973658390076
DS2,0.0,0.0,3423.6811459763803,277.10339662275766,58.62350232944266,292.1424342342511
DS2,0.0,0.0,18811.19105413199,298.8391621145015,121.94805490044519,541.6304650043826
DS4,0.0,0.0,35177.80621399774,488.81328520796546,188.82163333516687,1257.0567923934664
DS4,0.0,1.0,77376.6345794442,482.4224544085499,934.1785918107047,2803.6032180899565
DS3,0.0,0.0,25065.038168980194,274.37960954344004,412.873082715907,810.9236817684296
DS2,0.0,0.0,10927.96919796049,151.2235561467024,161.44538543928917,289.09076067722316
DS4,0.0,0.0,32239.65938747119,722.869368077234,513.6762949947398,1250.1772015130312
DS3,0.0,0.0,27246.170276455436,432.88062147513574,328.0915092588515,1199.7423785988112
DS1,0.0,0.0,447.16634683428515,63.79299882168565,2.099380751391909,17.602787036784925
DS3,0.0,0.0,27902.694319489572,261.84197821017557,192.21650180647052,916.4705009197638
DS3,0.0,0.0,24604.425893982174,295.16000550794547,392.00539168180285,1112.3634130559449
DS4,0.0,1.0,44463.449257930675,631.2792108594045,661.1926280844726,2066.334507468855
DS2,0.0,0.0,2778.03742781274,300.8986305952472,30.833578109055544,84.80315874968346
DS4,0.0,7.0,55244.08468957076,577.1034185933174,1050.924967791732,2479.4167532802594
DS2,0.0,0.0,9748.226748733096,271.381865094163,167.07893394746569,659.3209117191714
DS4,0.0,0.0,43641.56946020187,659.1792328215533,350.8683365154421,1612.6732148405015
DS2,0.0,0.0,10111.51311715636,159.77109875293007,66.50690690729688,427.2775249215315
DS3,0.0,0.0,26186.974262116266,268.0772659234671,394.19009031256854,1149.0218172951613
DS4,0.0,1.0,53108.29745510437,714.3916894000713,376.6497180303085,1858.2175247293774
DS2,0.0,0.0,5725.262525355228,224.7728648380606,80.67388714546783,217.99655818852943
DS3,0.0,0.0,21347.226028500332,257.57029867028615,368.1035695676992,814.4902551219672
DS2,0.0,0.0,2521.318991242115,226.9424917164736,29.27472616241627,97.02958340626361
DS3,0.0,0.0,18848.109694291074,234.87358488656275,67.4558248127753,540.3998363912915
DS4,0.0,1.0,40608.22700377829,750.6588497410997,330.5117985244722,1831.3422071499522
DS3,0.0,0.0,36427.80271493149,459.6916956103075,528.1579933282726,1408.8531912020085
DS2,0.0,0.0,9175.170663363304,231.05628424274758,105.63080251338333,373.7495256917254
DS3,0.0,0.0,27027.691043186875,377.29867191528217,464.8339832481793,1268.3153734512302
DS2,0.0,0.0,7434.964070672184,190.37191407899323,79.11276632610615,396.77552998091664
DS4,0.0,0.0,31641.47098284565,376.24644019698314,413.4478369776562,1067.3911575170378
DS4,0.0,1.0,74197.46308128834,832.4378799832704,1552.166410281035,3684.61985881224
DS2,0.0,0.0,7871.492494679849,271.73315712289394,101.95699704515977,436.4185380357319
DS2,0.0,0.0,6179.489276348166,279.54894012410136,114.81291777458458,301.9562194206781
DS3,0.0,0.0,12586.171665232589,288.9120655741875,256.4357949015439,474.6023168083212
DS3,0.0,0.0,27244.64829636577,385.4662789821409,193.05441504896496,656.3329637984025
DS4,0.0,0.0,28503.765800443092,897.1463094564966,401.0225788798324,875.5530539660901
DS2,0.0,0.0,7558.902796688246,117.95500482182324,172.49766823285776,377.30059032747164
DS2,0.0,0.0,7192.047528879025,233.5597543832787,65.72935959186411,498.9961026536559
DS4,0.0,9.0,108842.71371879148,638.7029520767023,812.9846392610624,3568.059158387384
DS3,0.0,0.0,28690.57256131213,324.3752979494618,479.78932605184326,1268.9877137566993
DS3,0.0,0.0,11140.357302666747,302.59379492021947,87.82694142182358,416.2383655854397
DS2,0.0,0.0,5267.685733577604,432.92387351195623,26.74294668935521,309.8812138106437
DS4,0.0,6.0,60200.27439332602,571.4667492679247,349.79096231260183,1836.4751837045658
DS4,0.0,1.0,28977.87991593832,766.5920274370454,740.8531912233152,1105.8279927683275
DS3,0.0,0.0,23285.60203342193,327.0963993900082,406.6243907884613,1268.2832603611157
DS2,0.0,0.0,2332.371848149464,523.9550612524746,32.00866661182974,107.12054319067886
DS3,0.0,0.0,7176.572121220453,293.90191073249173,41.77522991591348,497.5652470049593
DS2,0.0,0.0,4494.4225237852115,195.4775479348309,26.93472004734056,246.71919838723326
DS4,0.0,1.0,103661.24811187596,630.9666724021444,960.897308877618,2667.285013194982
DS2,0.0,0.0,3382.0829365899635,345.65415192787873,38.34161355971246,240.14329270726623
DS4,0.0,2.0,62217.666654803135,852.5346614616014,2063.2036416099622,3656.5566301201843
DS2,0.0,0.0,6660.499940710621,248.78746496326156,98.5620133254967,407.95964208929007
DS3,0.0,0.0,9281.516775762402,312.4095896646359,247.6476134380842,308.2727525300875
DS2,0.0,0.0,2080.2696994070207,208.4819440642431,54.75254260998096,157.24183975892618
DS4,0.0,2.0,66657.28296243647,555.4573514004344,973.7355862639847,3640.8686092299413
DS3,0.0,0.0,28972.645785739922,260.51909756737496,456.74340432897907,1261.1199015170123
DS2,0.0,0.0,2110.619645282253,148.3475013635836,20.845314866442447,149.83531279085003
DS4,0.0,11.0,66942.98861853706,569.7311039465782,285.9229059372453,2836.670544443271
DS3,0.0,0.0,39367.83287841038,199.1964388110875,370.7235531271042,1620.4781314272684
DS4,0.0,1.0,70442.37084667223,516.2984975132149,1911.1627325823326,4094.176404207146
DS3,0.0,0.0,13593.753575335384,204.15533846300062,394.64066531897737,771.3172912412064
DS4,0.0,1.0,35682.64112833081,546.5164406194141,304.00280097576024,2496.933180545124
DS2,0.0,0.0,4317.5315217982725,530.4673216911401,56.004931909194106,211.10625221054573
DS1,0.0,0.0,1549.4449544504348,75.7664688492873,6.1845211659784916,48.87615023344064
DS1,0.0,0.0,402.25119349706813,698.9916367441571,2.2802424195341073,12.507783460267209
DS4,0.0,0.0,21961.44636915128,714.5965288417547,322.32257558662013,1009.9153005757147
DS3,0.0,0.0,43416.294898644206,406.92717685886174,451.43317957576863,1187.49671146304
DS4,0.0,1.0,47098.80036550706,455.054185561184,1258.7074510667383,2626.914376719685
DS1,0.0,0.0,773.5335831605648,66.46271753817923,5.93317095074983,38.900168592879965
DS4,0.0,1.0,54315.918057598414,621.0750938942772,1457.8482110702141,3247.961840445315
DS2,0.0,0.0,8042.9999106333935,171.57022834694374,56.62878748774713,455.61332210298417
DS2,0.0,0.0,4233.704173488037,285.3665626061231,40.882442769412606,211.44642359664158
DS2,0.0,0.0,11102.955653226154,962.7635929522194,44.69595301088509,476.372929196493
DS4,0.0,1.0,49835.62320183972,806.0046482566678,937.658429814903,2040.3437278960241
DS4,0.0,1.0,66580.00305526753,637.2707768301827,934.6635593541863,2054.919834535387
DS3,0.0,0.0,11292.309500498486,205.92513785546106,38.78832963865915,616.676377701165
DS4,0.0,2.0,88322.75644057356,801.6883968717467,1270.8067477165393,3496.1550994392787
DS4,0.0,1.0,18427.435054353846,559.7287731536883,619.9687997145473,879.2884165602031
DS3,0.0,0.0,8187.826912034823,281.9832715260499,50.857056712121825,441.44208999232444
DS2,0.0,0.0,4974.038353200126,956.7948616422343,39.096887117998,213.44908013094334
DS2,0.0,0.0,8925.577238072488,305.0729845256494,54.79236821837438,527.0647807824407
DS3,0.0,0.0,13789.913379435577,226.185812509247,65.4523144130636,599.7177943071715
DS3,0.0,0.0,9752.293655992293,283.9336375189189,60.41224857464701,509.37184735342964
DS1,0.0,0.0,993.0329343795518,115.42672402437893,6.070562412718621,76.57958222680227
DS2,0.0,0.0,4738.355696194346,204.2580968009516,67.50192142203746,325.303965573137
DS4,0.0,9.0,78478.10569313263,453.07853647291086,1395.1224428747148,3756.234002568447
DS1,0.0,0.0,1425.8589080347092,179.23130722643901,5.601392248509431,55.734841968574486
DS1,0.0,0.0,678.8865334255852,135.32430417660458,6.1829794730203504,37.12237460733459
DS0,0.0,0.0,0.0,107.31255568874072,0.0,0.0
DS3,0.0,0.0,18295.147448971147,351.5576355053994,141.7537510447679,754.7961151344347
DS4,0.0,1.0,22102.521110543326,816.2738631299271,533.6842230296387,1471.1949730225253
