# reward	DS0	DS1	DS2	DS3	_DS4	Rft	Casualty	Cost	Resilce	CarbnEm	Enbbd
311.2742068	31	49	120	130	144	0	263	10064718.27	175133.3653	159153.8108	395412.5763
304.6671223	28	52	110	133	151	0	281	10181826.04	174941.9644	180295.05	405500.406
311.1230842	35	56	126	111	146	0	221	10118109.99	172585.7802	180729.5142	403069.1799
300.7596715	29	51	130	102	162	0	272	11063554.5	181098.6692	186860.4596	435087.9539
305.9122334	36	42	116	121	159	0	291	10515334.64	182394.9798	172366.2135	418283.2508
300.8513015	28	44	120	123	159	0	328	10375002.03	181098.7065	181289.5924	411733.8806
312.0406653	41	52	121	112	148	0	252	10170902.07	177398.8191	175957.539	403717.2028
306.0197509	20	39	133	130	152	0	262	10956721	175201.5208	165894.4152	436529.8687
316.7407212	29	58	125	127	135	0	237	9786687.768	167268.3812	154664.3769	384223.2747
312.0749362	29	41	130	145	129	0	293	10224114.87	173581.6301	163861.0491	400623.4603
303.9722537	27	52	116	117	162	0	299	11163203.28	181547.4511	178837.6695	432621.4282
316.7061308	35	56	132	117	134	0	244	9825618.168	169217.8685	157273.1649	375140.4436
299.1962003	20	47	124	118	165	0	255	11236715.42	185679.4057	195985.2959	445940.6673
314.3123544	30	63	126	120	135	0	251	9590745.876	168307.2157	167424.9567	385640.746
305.1489482	24	42	122	134	152	0	251	10899355.43	178504.8597	182894.904	436174.9574
320.3381582	32	53	127	139	123	0	207	9691963.547	163532.3951	158653.0667	386970.4248
307.8707601	25	51	122	127	149	0	280	10565234.84	178087.04	167476.4498	414242.1079
301.9588492	25	61	111	113	164	0	304	10785768.27	175144.8987	183487.2349	429803.3086
301.3536584	31	48	108	130	157	0	318	10410011.68	179780.2603	169231.8232	411865.8467
305.3838519	23	56	121	121	153	0	290	10292719.72	177452.4529	170779.6856	411420.5048
315.7751081	22	53	137	134	128	0	263	9523900.505	165125.9401	155753.2902	381130.2368
314.9885482	23	64	126	125	136	0	277	9209377.197	172203.3919	151385.4214	375739.3783
315.2129467	29	56	120	129	140	0	259	10568279.32	163991.8588	174176.5251	413362.3486
303.3959014	20	45	125	136	148	0	321	10340851.32	180624.7606	168176.5366	399458.9795
317.0033961	35	60	118	122	139	0	265	9411998.883	165549.0582	161459.2391	365756.5084
304.5376102	29	46	118	125	156	0	202	10406260.32	177685.4626	175879.0936	419371.43
322.3846626	40	51	135	129	119	0	221	9427185.467	167408.2782	171594.3561	388096.6796
312.6540276	31	58	118	123	144	0	264	10121685	171160.0719	162702.2337	399950.8275
304.574124	24	49	127	119	155	0	244	10985597.9	178393.1781	178862.1955	428675.2914
309.0523384	22	46	130	131	145	0	232	10358781.38	174785.0352	176090.963	404815.0743
312.3429051	35	37	132	122	148	0	224	10461791.74	174489.7653	176893.4841	410828.2543
320.4076338	33	55	138	119	129	0	281	9413284.78	162968.9349	159173.1235	379715.0432
315.4497916	30	56	135	115	138	0	281	9473267.615	166358.5127	160399.9015	371733.4528
312.1157347	46	41	125	111	151	0	252	10060902.76	176298.3901	182182.1552	405368.8658
316.1354103	31	62	126	124	131	0	244	9385575.309	168698.4963	157945.6892	370947.856
312.5379799	31	49	134	120	140	0	270	9351600.215	169766.1406	163663.7736	379753.4279
318.740851	31	54	133	127	129	0	205	9270343.105	167275.72	151635.4692	386106.2865
310.5020599	21	49	131	130	143	0	185	10078843.25	174580.3931	176194.4163	390874.3299
312.4478004	30	50	131	123	140	0	256	10379946.68	173496.6137	168472.1683	415079.1371
306.5721213	29	47	123	127	148	0	310	10492281.71	175115.3416	176817.004	407703.9353
305.0104416	30	50	132	106	156	0	219	9983359.487	175361.2258	170532.7254	406017.0416
308.0272331	27	50	108	147	142	0	295	10412174.83	172184.5078	174087.5659	412081.3543
319.8500648	32	61	125	124	132	0	299	9765502.661	161863.6595	152695.1419	389870.5654
305.531874	31	49	119	120	155	0	283	10560994.47	179912.6415	169511.8724	415763.5844
307.7214209	32	37	133	130	142	0	313	10076231.93	174586.9343	181238.6691	407730.5793
307.921059	28	41	137	120	148	0	272	10246638.07	176143.8824	183789.8234	412175.8189
313.8951833	28	59	115	134	138	0	272	9956033.981	168298.6178	158649.8716	400149.7234
316.2303527	26	62	139	113	134	0	342	9874898.313	167144.7547	160094.913	379723.588
318.9069425	29	55	133	126	131	0	226	9823567.028	169839.6517	164854.3989	391278.2571
315.9356607	31	53	128	132	130	0	313	9682888.665	166722.8918	157863.5268	389153.8925
314.5976175	34	60	122	123	135	0	229	9229599.071	169544.0585	152526.6805	372716.672
312.6900381	40	48	119	122	145	0	257	9976359.585	174840.3703	158492.3119	402023.1838
301.9547375	30	44	122	112	166	0	281	10764374.06	179094.7728	192313.4099	433068.8581
309.0599736	23	48	130	129	144	0	284	10331495.81	173064.0061	163916.3083	410058.2714
305.5243901	26	49	129	112	158	0	264	11116762.44	175820.2214	198281.4772	439786.6179
307.3013773	29	48	131	112	154	0	280	10602671.65	172528.5729	180706.3816	415977.8346
305.6218021	27	53	120	121	153	0	289	10490112.02	170829.5631	188323.457	427458.2388
313.0439667	32	57	125	126	134	0	230	9995759.741	166268.1802	173212.2153	402911.6363
311.9901347	29	56	119	123	147	0	275	10440660.85	174008.1472	169896.541	410448.0027
303.0443925	26	41	127	123	157	0	361	10439924.93	183120.6117	182315.3777	429845.0571
310.6867912	30	46	142	113	143	0	328	9735175.364	172656.5778	159742.8887	384857.9947
315.3800017	39	50	124	118	143	0	222	10078624.18	174988.6112	166032.7826	398697.458
304.83029	25	48	112	138	151	0	209	10120570.58	176768.9206	167596.6108	414861.4993
308.8896146	28	60	111	122	153	0	309	10420523.41	177487.7493	169521.258	415945.5419
309.2006718	40	49	128	107	150	0	256	9828935.276	179372.8616	167219.7402	394583.8101
309.5053754	23	68	116	118	149	0	307	10008604.24	175779.3389	168666.4282	405835.9923
320.3429305	34	48	134	131	127	0	212	9475690.409	165945.0246	156066.3371	375251.529
306.5171656	25	60	118	116	155	0	282	10412439.21	175109.3846	188490.4494	408492.0552
308.7539654	18	60	128	120	148	0	260	10031047.9	174492.1004	172819.8844	402052.5306
315.6308749	24	50	141	119	140	0	276	9379420.275	171887.5528	153129.8036	379539.6114
307.723389	33	42	128	130	141	0	271	9859813.938	173555.5477	169584.983	385418.6934
311.4226522	43	35	124	124	148	0	265	10096036.17	171623.9729	158774.3118	387779.6332
307.4681523	28	47	132	110	157	0	284	10423826.07	176535.116	184061.541	406388.9208
301.5393819	32	47	128	107	160	0	339	10989274.78	183476.6491	186843.0816	427627.7531
307.2402163	23	51	132	120	148	0	251	9818056.816	172633.0791	173418.3483	394005.3667
306.9107686	31	58	111	122	152	0	275	10055117.5	173204.2362	168431.1182	394017.1457
305.8642161	25	46	125	124	154	0	268	10946841.67	181315.0895	170943.2696	427879.6368
293.1731035	23	42	106	127	176	0	272	11486290.09	187540.4427	198595.4659	473877.6786
301.7481332	30	52	118	112	162	0	295	10860593.63	176254.3148	181992.0975	439072.571
306.7563908	39	38	117	138	142	0	220	9958381.771	170789.2498	172554.4852	401834.9106
311.4157414	33	57	117	117	150	0	302	10732368.01	172425.7444	173766.0393	412826.0484
312.6287051	34	51	122	132	135	0	274	9522899.998	171471.6015	161287.647	385342.4865
314.337436	26	58	135	118	137	0	285	9642651.593	171980.9814	165610.0756	390862.1904
308.7830217	31	46	126	129	142	0	336	10165168.89	177575.5667	167356.1172	397494.875
312.1746241	35	47	124	128	140	0	245	9972198.996	170704.9895	160124.6006	400682.8523
314.7821945	28	61	127	128	130	0	231	9429305.909	163422.4733	159196.8402	374132.4316
305.296266	26	56	116	128	148	0	248	10497245.63	176072.0769	177230.758	423083.9675
311.5380493	34	52	116	133	139	0	266	10375557.81	170684.4331	174587.1941	411288.7194
306.3105663	26	54	121	122	151	0	282	9891370.406	175663.3469	161402.9729	390914.6388
310.182721	25	52	122	126	149	0	256	10431574.65	168656.2175	166108.4323	421426.6028
307.7955825	32	43	126	135	138	0	322	10437331.37	175377.9047	175433.9067	401549.9204
310.3655266	31	45	131	128	139	0	242	10149874.66	176498.6067	165348.4612	401543.1332
301.4545293	25	39	113	137	160	0	280	11096040.85	178563.6168	171328.9451	442557.7693
322.6347073	35	58	146	113	122	0	195	9130348.702	165692.7259	137295.7818	363455.8469
304.407601	36	46	104	141	147	0	293	10683323.35	174710.1487	173651.8902	429913.3844
312.9657775	31	56	127	116	144	0	258	9957267.188	166500.888	154801.4605	397872.7329
306.3294103	38	46	116	117	157	0	277	10852350.06	178904.6814	173206.4264	427629.1467
303.0430747	28	50	111	128	157	0	289	10848505	179521.8103	175447.8214	425795.3001
317.6246656	33	57	127	120	137	0	318	9844369.941	166301.9612	146943.3405	390183.1945
305.7050936	37	34	124	131	148	0	249	10096582.47	175599.6971	165214.6014	406207.946
314.8360297	36	43	140	111	144	0	267	10184078.57	168356.0329	154113.4247	393300.8402
300.2772739	26	47	129	108	164	0	306	11040201.54	180934.8732	173256.1198	429136.1357
311.8893007	36	54	121	110	153	0	189	10437098.58	176105.8152	183208.4916	407214.2217
314.1258626	33	49	126	131	135	0	286	10030866.91	174639.1644	170393.0313	399115.8397
310.0056524	24	62	128	114	146	0	339	10005840.6	175095.3201	159277.5834	398060.9575
309.9899541	30	51	120	130	143	0	237	9963853.818	168851.9859	155643.0944	395217.3249
309.3438809	21	65	136	98	154	0	262	9840624.74	177791.3051	166459.2979	393871.555
309.7505379	35	47	128	117	147	0	287	10217133.66	175239.9453	155992.76	408178.8435
312.1955528	43	44	112	132	143	0	234	10116166.22	171757.2451	165445.8661	400086.2459
303.2820023	24	42	127	115	166	0	340	10669406.31	182686.5404	180681.6864	434601.5836
308.7555194	25	56	120	123	150	0	333	10528979.55	177753.1421	176559.3195	414798.3619
307.7082302	35	43	125	116	155	0	329	10715703.58	177873.5714	186832.1515	421195.8989
315.1777637	35	45	124	142	128	0	262	9684567.123	163802.5609	156600.6162	382603.7431
311.0848058	24	39	127	144	140	0	285	10650951.97	179564.7687	186737.5967	422808.9498
323.0446836	36	51	131	138	118	0	313	9511613.974	162508.2769	165178.1411	380318.1338
304.4342802	28	47	106	142	151	0	308	10488345.44	180094.4325	179079.3303	422438.7997
316.452303	32	64	125	108	145	0	272	9453948.231	173422.8034	153932.3407	383012.5978
317.2043243	32	45	137	131	129	0	257	9617001.029	167850.6656	150110.5869	377954.6936
304.5328743	25	58	119	120	152	0	283	10183376.99	183601.8336	161146.8959	399247.0128
310.5984734	26	57	116	122	153	0	241	10574868.36	170313.9988	176232.8511	429629.1838
320.3770181	40	59	124	120	131	0	240	9512251.687	163715.0138	156601.3844	387426.3415
315.081375	26	51	138	126	133	0	260	9859354.006	166466.3085	167472.9072	397328.7966
311.1675999	22	56	120	139	137	0	336	10274163.69	168645.9802	163193.1565	409436.0398
305.4297792	22	43	141	124	144	0	292	10284889.67	185956.5044	170440.2326	407672.6485
316.1651414	23	60	133	130	128	0	234	9532096.221	167151.1166	148099.1537	377818.1673
307.5276573	31	50	125	110	158	0	243	10253236.95	176612.076	160905.1495	410244.4349
304.3506038	33	38	126	118	159	0	292	10540638.07	178294.8552	174856.9802	429402.0372
312.668707	30	49	132	124	139	0	297	9889151.703	168589.8945	160423.5462	400301.4961
316.3165052	38	52	136	107	141	0	260	9739130.356	169763.3766	163476.1165	386327.1898
308.8821178	29	53	130	119	143	0	326	9884167.631	170019.368	162951.9554	396779.911
304.456878	24	42	121	143	144	0	264	10661959.86	171643.697	166525.2929	426928.8863
304.8488251	24	50	116	127	157	0	285	10948115.41	177009.5177	176656.7807	425237.9782
323.4489343	33	65	132	111	133	0	242	9895579.888	163648.6788	161145.0204	390181.7303
310.8305293	32	49	116	129	148	0	267	9986378.774	173468.6847	163974.7051	408845.766
307.1919966	37	52	117	113	155	0	281	10442527.23	176417.1988	162010.3949	403630.9789
309.544757	31	54	130	111	148	0	318	10007125.83	172230.3579	159416.4668	405456.4711
305.3063815	34	60	119	107	154	0	247	10177895.38	174947.408	164195.3342	401075.2641
318.4203233	32	50	123	137	132	0	240	10382068.07	168107.501	173285.6744	412715.2586
307.9928996	33	48	122	123	148	0	353	10384017.87	177043.0341	177096.934	422919.789
311.0513912	30	59	125	110	150	0	254	10242695.83	169143.4965	163182.5497	410389.5189
308.1099313	26	49	124	124	151	0	338	10361953.65	179379.9056	171426.3033	408998.2456
314.1555815	28	55	127	127	137	0	216	9968704.271	165138.3062	172747.9534	397765.5064
315.8415588	38	56	117	124	139	0	254	10052113.67	171484.9205	171038.1	401788.2669
316.0851477	39	52	129	111	143	0	235	10145964.7	168074.7546	164443.9263	398570.3192
309.1633806	27	46	136	117	148	0	256	10059937.17	177303.4571	185450.569	405599.4051
306.1405454	36	46	121	114	157	0	278	10739791.41	175555.4576	173777.4897	432165.2085
297.7836777	24	43	137	95	175	0	373	11008590.86	187375.8606	195963.5753	432566.5522
304.5822212	28	49	115	127	155	0	311	10905606.16	177268.78	168022.7706	434946.3775
315.1235725	40	45	131	115	143	0	312	9799043.067	174078.1213	154418.37	379265.8505
304.6587573	35	37	120	132	150	0	310	10575433.22	176754.1199	168120.1122	418482.8814
302.2346004	25	34	130	133	152	0	217	10640695.79	178150.8508	171480.0406	415375.9657
315.1679908	32	56	117	131	138	0	197	9867598.211	168216.7186	150541.6848	387290.1036
308.2653796	27	49	120	131	147	0	300	10523502.19	174561.1428	188236.304	420025.1221
313.6554929	27	58	131	118	140	0	314	10330655	171304.0657	156055.159	409074.5867
304.2733185	21	49	131	116	157	0	307	10091354.28	181785.9058	176146.1217	403752.1647
314.0426463	28	49	126	139	132	0	277	9811300.976	166764.7028	157781.9984	387629.8514
305.9345511	29	47	132	113	153	0	273	10235508.67	178020.0976	167624.0795	421822.5151
310.7479331	17	58	124	135	140	0	267	10227976.02	176020.591	162138.8791	402547.5898
307.8889306	36	46	120	122	150	0	310	10341311.86	174280.4045	174029.3438	409787.4806
306.2944524	38	53	109	127	147	0	239	10334591.87	176385.6173	178300.0846	403703.0737
307.5348903	27	49	119	127	152	0	276	10506455.19	176544.4727	166598.8691	426072.8038
314.5450043	33	43	131	135	132	0	237	9935470.732	174748.0769	169798.5294	403393.6233
306.4037061	34	55	104	125	156	0	269	10309171.67	177226.0005	168948.5358	410403.2088
312.7697202	43	44	125	118	144	0	285	9977742.415	165469.4737	181282.5223	395833.6875
305.0988165	29	54	109	130	152	0	327	10712644.03	173404.5274	169970.3083	421529.1619
323.265593	27	59	140	128	120	0	162	9364231.607	160610.9474	153335.2471	373415.1335
312.3462511	21	43	147	125	138	0	223	9821980.648	172563.8586	172068.0587	389509.1011
313.3621951	33	45	127	129	140	0	347	9748512.398	173514.4792	161743.163	381767.682
314.390604	24	60	131	122	137	0	238	10073459.18	166209.1363	156324.4749	391911.162
311.61524	26	46	137	124	141	0	324	10446983.42	176941.9327	162212.3327	397625.2518
317.1216407	31	62	129	119	133	0	278	9458805.586	170256.1923	163658.4962	371764.4793
303.6690127	33	49	123	114	155	0	322	10108599.56	180447.9803	180984.6122	397485.6279
311.3184714	35	43	121	130	145	0	221	10204446.57	175673.9399	166871.2371	401362.4115
312.1892447	20	55	124	133	142	0	267	10071867.31	173163.9665	173534.7849	406874.6681
316.3874871	34	48	143	118	131	0	223	9605828.667	165809.6478	163642.4572	381462.5629
309.6315359	23	51	131	136	133	0	293	9881906.989	168471.3835	171273.3156	393972.0391
302.334183	23	52	110	134	155	0	262	10948209.64	176422.5478	188789.6212	437220.1007
308.850255	31	47	128	118	150	0	256	9860922.829	172127.8296	169686.1468	394585.0083
316.0427455	29	45	117	154	129	0	181	9919177.794	173372.3522	149436.4131	397890.9336
311.5675395	21	50	130	132	141	0	243	10133218.3	167739.6465	153673.5386	398982.4918
305.9618301	35	51	122	115	151	0	340	10483240.91	172601.5817	172557.9575	423408.3988
305.6412316	31	38	121	134	150	0	302	10420842.21	177446.3563	173472.1919	419572.0822
319.4373656	30	66	130	115	133	0	257	9829989.128	168496.0161	165792.4556	394829.1954
298.489894	29	40	109	133	163	0	269	11226718.27	181970.0129	185419.2115	453281.1907
312.3384857	40	57	116	122	139	0	249	9599644.92	168608.6088	168546.4463	395968.0279
313.3063961	37	48	116	127	146	0	191	10216804.99	168579.4674	169282.4187	404128.6413
311.6146967	26	63	122	112	151	0	324	10458472.07	176887.4498	167452.8509	404245.5202
302.8096316	22	54	121	127	150	0	299	10668638.86	179291.0134	169423.8261	415800.7478
311.2222434	31	54	122	126	141	0	279	10048190.75	171620.0482	164815.1166	405379.6772
318.5254858	31	60	128	122	133	0	233	9713749.374	166925.0709	159064.1728	386629.9339
307.1847049	26	36	136	128	148	0	228	10025166.99	176336.6766	157428.4569	405217.2626
307.6310639	30	51	124	112	157	0	252	10716658.89	177100.0706	167474.9522	421085.8134
315.1678969	24	56	145	109	140	0	200	9675378.57	171126.8107	162222.0882	383944.9544
311.687247	28	56	125	121	144	0	275	9636898.94	168270.0012	163211.8205	380717.9661
308.3282849	26	43	145	117	143	0	241	10515368.01	173466.9205	175360.8525	414857.405
309.0726422	29	53	116	131	145	0	294	10338616.13	172060.9546	170432.1341	413902.2073
308.6566172	29	51	121	120	153	0	258	10299729.99	173518.8055	152776.1589	409674.1637
305.1003228	30	52	113	125	154	0	250	10271447.15	177456.6992	190275.501	413244.5833
307.4371245	27	52	112	134	149	0	271	10246455.95	174789.3271	149282.6526	403249.2184
313.0574566	26	41	140	123	144	0	257	10381078.94	177204.5134	155958.1402	418883.0653
312.8118231	34	55	132	108	145	0	278	9902563.638	168490.7323	168179.6365	399952.4619
302.3035624	24	54	115	123	158	0	261	10291963.25	182475.7981	173108.3864	417321.0792
305.9375481	35	59	109	105	166	0	370	10529067.16	178426.4674	186579.2953	417915.6642
316.5008373	36	48	141	112	137	0	284	10014371.19	175689.6446	150636.87	400192.1411
303.2263119	32	50	125	105	162	0	271	10748101.88	175306.0432	182320.3531	425022.9426
308.0058324	23	43	133	131	144	0	249	10219981.76	177730.4862	159303.5325	409576.4147
317.3916022	30	55	124	130	135	0	268	10195691.03	174205.8116	158880.2968	405748.0967
314.1606396	36	67	120	109	142	0	248	9633718.327	165433.8255	166319.2623	377153.1468
304.1235575	19	49	125	125	156	0	257	10640511.51	180873.7145	171902.8409	411133.3796
308.7720585	29	53	121	126	145	0	245	10396707.71	172863.3161	187003.0442	409766.2026
307.4837061	27	58	102	141	146	0	280	10596139.41	176345.62	174148.07	403021.5114
308.0830739	30	44	137	117	146	0	286	10106029.05	175207.3017	164129.9464	400612.499
307.819659	24	51	135	115	149	0	281	10653265.29	173237.9111	173314.7137	416303.3733
312.1984843	31	49	134	121	139	0	271	9899783.238	170704.8935	162715.6181	401995.8679
313.3281881	32	51	125	123	143	0	268	9871040.72	172968.0567	165857.0857	398666.5069
304.1197788	33	41	129	123	148	0	302	10567259.64	172865.14	187486.6745	421609.8836
314.0954452	18	51	136	137	132	0	230	9679679.378	171436.252	150078.9117	387655.1293
318.4486282	38	60	124	115	137	0	208	9773055.096	164582.2626	166978.6161	382850.2955
307.4631348	28	40	137	119	150	0	325	10482664.01	178794.3226	177016.5281	417103.5572
307.9661726	25	46	133	127	143	0	309	10059011.07	171881.8434	166193.6069	397530.515
302.9365151	19	59	118	127	151	0	315	10508081.7	181892.2139	172356.5124	412663.0306
310.8707626	30	58	118	132	136	0	266	10039534.67	171170.1505	158553.545	392533.1719
310.9096779	31	50	128	118	147	0	283	10234695.04	170529.8749	155096.5787	396646.2802
314.0621013	29	57	131	117	140	0	283	10085721.32	172469.8177	152820.3182	385187.9366
303.9731527	26	56	109	121	162	0	295	11113528	181332.7679	190847.3412	443005.0433
306.5369978	26	53	127	114	154	0	322	10707401.79	178092.2846	171172.4751	418558.8152
300.5638999	30	40	122	121	161	0	283	10767324.46	188687.9763	196861.4795	429669.7382
299.3990514	25	47	112	132	158	0	342	10770378.05	172651.3172	176640.5197	433279.146
314.5454471	23	47	134	138	132	0	272	9260410.564	175461.9047	148813.2207	378487.6747
318.3367913	30	55	135	127	127	0	265	9287309.561	165289.6843	146694.5279	372772.5486
301.8193978	25	64	116	113	156	0	254	10298071.63	173500.0309	171890.6064	420488.5384
310.159637	32	50	115	143	134	0	259	9682696.954	170708.5169	171695.8651	387911.124
313.8294814	35	50	127	122	140	0	274	9608001.559	165612.7105	174454.6287	383204.5721
310.2814124	36	60	120	111	147	0	230	10079435.33	171342.2365	175536.6399	399044.4416
309.3462165	29	49	128	125	143	0	284	9693947.682	174899.8209	162883.9153	382560.0627
304.6670577	23	50	114	137	150	0	272	10992515.32	183579.2996	192499.5662	430058.82
310.4039884	32	50	128	117	147	0	277	9842066.16	173370.2457	166606.6044	400342.2867
312.1403769	27	58	128	118	143	0	306	9734629.541	172231.0155	173476.9296	384475.8461
309.4618028	30	49	130	114	151	0	275	10659532.88	175845.8129	171444.5636	416652.647
306.0047599	23	56	122	120	153	0	267	10814713.03	178084.0408	189464.0475	418854.7028
312.4569798	42	56	113	127	136	0	284	9708180.44	168557.5024	164539.0934	387930.0046
315.5570697	36	38	136	129	135	0	227	9771272.087	172859.0883	158295.5555	389644.3481
304.3633764	25	43	131	114	161	0	266	10889517.28	180034.8863	182136.7331	431295.3925
312.1734162	29	54	127	126	138	0	247	9761132.921	172404.4304	164341.947	381850.929
304.1759598	23	41	112	142	156	0	241	11182648.16	191253.2737	165995.9047	431592.2757
319.8893039	37	46	138	114	139	0	222	10081736.35	163542.1867	168717.6813	409106.32
303.0871171	24	49	119	129	153	0	345	10485112.64	178399.8987	189333.0852	429085.5706
310.8112244	25	49	129	125	146	0	262	9880978.325	172515.2279	167266.0745	399742.3001
308.6648154	20	56	134	123	141	0	292	10023091.6	173229.1048	167780.257	392424.2447
308.8109637	36	48	116	129	145	0	320	9896354.618	169483.1755	157913.2946	390751.4327
306.9062903	24	60	120	116	154	0	252	10076211.29	176773.1953	169010.9347	400958.5864
315.1409859	43	64	110	122	135	0	275	9117751.659	169620.3771	158455.932	359951.1665
301.1305047	30	53	117	105	169	0	311	10314239.91	181467.9388	162789.8069	414872.5406
305.6712559	35	52	109	119	159	0	311	10636843.61	179296.5589	182705.4125	419544.3387
314.182872	32	54	137	110	141	0	263	9783104.185	172544.1764	173811.7993	386922.0986
299.8273942	23	60	114	113	164	0	315	11000898.23	182527.5291	183103.8239	441149.492
306.6420672	27	49	115	129	154	0	257	10179570.85	173719.1598	176059.5615	400616.6638
300.323336	32	54	103	119	166	0	327	10875818.24	177576.6923	174166.5255	436903.0495
310.6319763	31	46	122	126	149	0	216	10105020.19	175170.9535	156218.3809	402363.0824
312.8797017	35	44	136	118	141	0	342	10070442.42	167836.9068	153116.9426	395247.3326
310.5759383	29	54	118	125	148	0	256	10061432.24	172630.7384	165319.9546	397975.4013
309.8047057	23	48	137	121	145	0	349	10348573.8	176202.969	166988.2827	414127.1957
300.0986184	20	51	119	123	161	0	280	11128736.57	179922.0331	199171.435	441470.5175
308.9495558	26	55	126	119	148	0	303	10015598.85	174781.3634	163987.0591	397867.2323
313.8709395	16	58	121	148	131	0	191	9967204.83	170921.057	163494.8732	399782.2217
318.7981889	30	53	135	127	129	0	207	9774226.682	161810.2347	165464.7803	396418.3776
308.0326585	28	56	133	108	149	0	354	10229256.61	180925.4012	177886.5466	393726.0816
311.872521	28	50	124	137	135	0	249	9562647.479	170492.7497	159885.8547	384253.4171
308.818151	23	62	112	131	146	0	259	10163855.23	178306.8982	173991.6758	403055.7671
314.8016883	31	61	126	119	137	0	262	9488900.108	174010.238	158151.6164	375375.2562
310.6316669	28	56	121	121	148	0	291	10338508.4	172547.2804	167224.5126	415016.0782
308.772773	26	56	121	122	149	0	298	10518582.36	171618.549	165140.7923	422971.6165
310.4546742	33	47	108	147	139	0	272	10391885.47	170665.5159	171077.2341	413299.5264
306.0405782	31	43	126	120	154	0	344	10621270.5	173957.7484	173829.9456	423875.3303
311.6571509	27	45	129	130	143	0	275	10366826.85	177675.3502	170877.1102	407216.667
296.6778061	30	52	104	120	168	0	348	10594891.7	182594.8811	181946.1057	417272.7467
308.9756043	30	44	128	131	141	0	281	10574204.72	169916.2705	171065.0978	416032.3527
301.9986475	19	42	128	127	158	0	358	10968760.4	176758.3515	191501.2377	442518.0386
303.1623422	28	51	124	113	158	0	310	10613118.89	182423.9067	169672.7173	424148.8616
322.6439882	35	49	142	127	121	0	201	8983702.431	163380.8368	147140.186	363683.6901
302.392756	24	43	125	122	160	0	285	10832649.01	180035.3667	181570.2687	427688.0751
307.0376966	37	57	100	125	155	0	293	10725876.67	175580.8704	170399.2389	422665.8328
313.9672225	22	55	142	122	133	0	186	9547163.253	167150.4819	157556.4222	379139.4183
302.4866719	29	44	110	130	161	0	278	11278214.29	178806.9474	167364.0466	440468.6454
310.6959088	22	50	133	124	145	0	285	10373071.36	175184.9843	164070.5785	415930.4167
310.6702507	26	51	119	133	145	0	221	10235136.47	174382.2917	154959.8654	400421.1815
315.83084	27	53	123	135	136	0	235	9853582.399	165883.4268	161707.8084	388184.4459
301.4906732	22	61	99	143	149	0	312	10241518.12	177235.7372	174774.908	406796.469
308.67695	25	48	140	114	147	0	305	10194370.84	175986.9201	175337.292	405736.7422
305.3370739	26	57	120	115	156	0	288	10023598.38	179325.7335	163613.2556	406764.0631
312.7196715	26	52	131	127	138	0	193	9970405.563	173181.45	167998.4557	402444.5327
313.8363401	33	52	124	128	137	0	210	9611952.52	165049.9775	164831.6048	383098.1287
311.3393785	28	60	133	107	146	0	324	9671951.662	168813.0451	161131.3117	387260.757
316.2427987	33	55	125	128	133	0	339	9732625.016	168314.4178	173537.4743	376471.6943
309.1228564	26	52	126	117	153	0	242	10566738.91	176810.2576	167597.7939	417057.3321
312.3799311	30	44	125	139	136	0	302	9839789.856	169520.912	166023.9337	394798.5665
309.7743629	25	64	120	119	146	0	256	10560072.27	172108.2445	173461.3955	415492.9387
308.3806166	33	36	130	129	146	0	239	10467631.23	173010.4183	161203.294	413731.0638
314.7068025	28	59	120	127	140	0	207	10127938.01	168910.0281	151960.0595	402394.1711
302.6433631	21	51	127	120	155	0	282	10761890.35	180324.5393	193867.751	436472.9391
316.1152456	43	43	133	113	142	0	253	9943417.05	167942.5591	157362.7305	390261.4253
308.1115871	35	50	114	127	148	0	290	10126877.44	170948.4492	179972.9057	405730.1247
308.3530466	34	56	117	116	151	0	266	10543511.07	174679.8908	175279.897	410946.6297
313.0316345	39	37	148	113	137	0	220	9533204.041	176054.4485	151826.339	375410.7942
314.7955714	29	58	128	120	139	0	254	9697383.874	167128.7304	161735.2812	389422.7354
