# reward	DS0	DS1	DS2	DS3	_DS4	Rft	Casualty	Cost	Resilce	CarbnEm	Enbbd
370.59670284799023	173.0	95.0	104.0	63.0	39.0	5316090.740527472	62.0	3837270.7649258664	99038.48867325205	60865.89446757203	157703.09114953649
376.3975889195376	168.0	119.0	97.0	49.0	41.0	5272844.399295005	75.0	3585311.93928214	92966.12283450493	54464.32738125421	152660.98645173956
372.89883751709664	164.0	92.0	110.0	70.0	38.0	4711550.177673788	86.0	3579202.488739062	99396.91427177907	53494.62509235102	144055.4155314258
371.02178592761106	165.0	98.0	109.0	54.0	48.0	5032656.373264486	125.0	4190030.3751452356	98759.37686899872	64489.81359014756	166392.05315165845
373.91914045544047	163.0	99.0	120.0	56.0	36.0	5390419.116603293	54.0	3735912.446028523	97634.5538590234	58701.9161336713	147498.10048569512
364.0264242125143	153.0	99.0	117.0	54.0	51.0	5176799.403591472	105.0	4025704.555724141	109193.70590155202	64391.230950510224	167717.47247757728
375.5118646808466	171.0	95.0	113.0	63.0	32.0	5464471.344647265	73.0	3406750.828303245	99748.66745366028	53707.06671711166	138392.47742059478
375.6730763679851	182.0	93.0	102.0	58.0	39.0	5302555.12209682	101.0	3769754.585253264	93585.68756829057	64993.45259195201	153019.86190386253
367.5081073147185	146.0	99.0	128.0	60.0	41.0	5512321.288814402	64.0	4099455.566311653	106758.04583244705	57916.58780607242	159802.72699484433
368.1902962333607	160.0	102.0	115.0	46.0	51.0	4706363.969489535	91.0	3973378.2814310854	100579.87043915055	63043.37507876511	159236.77746501158
369.3527243681633	146.0	101.0	123.0	61.0	43.0	5132817.687461452	77.0	3674584.5886980114	104374.14909903285	54881.544695162156	152020.0425415599
366.7382919325028	154.0	83.0	120.0	70.0	47.0	4861570.504687565	80.0	4392800.956097644	105495.60105489957	64720.25141528787	179717.89674019438
372.3320780241521	175.0	78.0	126.0	55.0	40.0	5429148.86973749	83.0	3520896.5471718023	100081.3969876309	55426.11309599235	147428.62116876425
373.3276606206272	194.0	80.0	104.0	60.0	36.0	5656005.226366823	73.0	3571691.433279994	90545.1451836093	59536.34847964847	145831.53064449248
371.2067276298535	183.0	78.0	113.0	60.0	40.0	5836412.936601978	60.0	3583072.7651295504	97500.76360985034	58855.21244396534	143472.50327296613
375.6085553763169	171.0	107.0	105.0	57.0	34.0	5369423.842020769	48.0	3046057.557393501	97261.89208822348	49667.98665930905	129306.7819094783
367.7902380700253	160.0	102.0	110.0	57.0	45.0	5215944.232994555	58.0	4049092.3608990028	105504.80114467672	59196.07276580506	165370.8319888276
373.85308507959206	166.0	108.0	111.0	55.0	34.0	5878640.455270272	67.0	3334237.36414002	93707.00573835187	52515.09940530189	138883.92541833653
371.36393521724654	154.0	108.0	117.0	51.0	44.0	5287346.277350473	66.0	3928215.5722505394	97805.03981543126	64027.16110619505	165503.8152859451
366.7528746477209	166.0	95.0	105.0	58.0	50.0	4936468.693189448	77.0	4379046.098852296	106253.47003427957	70181.39434945365	182640.56915024738
370.6654299305691	168.0	88.0	127.0	50.0	41.0	5239919.9584886115	104.0	3770554.210646348	99615.36297687527	59920.982817876575	151646.64603927324
370.1661832352812	159.0	100.0	111.0	65.0	39.0	5307877.452155826	70.0	3875928.4320074776	98576.88271296442	63060.30896744885	153290.41409564216
375.43547355162286	172.0	98.0	104.0	61.0	39.0	4841269.97052434	59.0	3735333.5770858834	99107.71127282275	54707.47516610601	154227.65523739826
370.8114178971391	165.0	97.0	113.0	50.0	49.0	5160360.466147648	87.0	3861140.399162594	102935.3760348034	69825.47824178077	152948.78432069352
366.6477579069809	155.0	99.0	111.0	57.0	52.0	4811623.310822577	94.0	4420895.497755887	100847.22351999182	66434.65428931543	171332.54323628478
368.5242248553142	164.0	95.0	108.0	62.0	45.0	4964898.6470845565	100.0	4296060.965679813	99615.50591835054	70394.45661467827	174390.6297381477
372.5240040599423	151.0	111.0	116.0	56.0	40.0	5434234.244493264	72.0	3984323.209002914	95862.6079472717	60889.91063024251	159304.85030626078
372.28657775327173	157.0	95.0	124.0	59.0	39.0	5216317.7541133445	67.0	3795759.696893893	101397.83779698203	54074.956309127054	154835.415254728
372.4613824924248	157.0	102.0	109.0	69.0	37.0	5277487.754895598	58.0	3918757.2062951233	93380.11857694313	62058.76184217716	162789.79232179382
370.33945824418845	168.0	95.0	107.0	65.0	39.0	5148565.67596691	89.0	3672771.9705138416	99630.1843784125	58611.666945920064	151552.77401094523
375.27803169301694	187.0	85.0	104.0	61.0	37.0	5548527.157588216	61.0	3624202.846456636	93643.44421272927	48123.428845765244	144986.68999099493
365.7342002346014	153.0	105.0	105.0	65.0	46.0	5267980.678052303	93.0	4117803.924002214	102274.92013544383	64304.61268733899	162674.04255382295
371.8415119671598	150.0	111.0	114.0	62.0	37.0	5371694.500867724	69.0	3749149.1625580955	95871.95701057781	61914.56946791249	157290.95835598657
372.1149034399088	176.0	101.0	106.0	44.0	47.0	5347692.502640495	82.0	3685476.6348353783	101895.42270569364	61837.55440197411	153117.00408016157
370.89893891583256	175.0	98.0	104.0	50.0	47.0	5011707.607394115	79.0	3753146.5849481598	98685.28299479675	59378.66724284393	153172.17760844732
362.84774872642396	153.0	99.0	106.0	61.0	55.0	5221416.336467372	67.0	4526307.7553261155	103616.6937097607	72762.79483352657	186378.7299918724
364.9333637710198	161.0	88.0	101.0	80.0	44.0	5102554.491970689	85.0	4135997.062100445	108816.76204812941	70365.12219391187	169862.54964595527
375.6582949010589	181.0	86.0	108.0	65.0	34.0	5234710.64914028	63.0	3634329.608665444	96434.22928119254	53664.0661913315	149656.77132279743
370.54942905655923	157.0	98.0	117.0	61.0	41.0	5309356.033640519	47.0	3925469.267701582	100312.52589879447	65176.08790237093	159459.435079378
369.2546666031843	157.0	90.0	117.0	70.0	40.0	5230116.68481372	107.0	4231347.763025311	101672.17929526676	51446.04516794737	167676.70248765973
369.2668463497446	168.0	89.0	116.0	55.0	46.0	5159524.85151447	86.0	4134300.1041784156	101542.14515038367	63633.327325812126	165696.6995003696
369.7630877869286	164.0	93.0	114.0	56.0	47.0	5082260.996740862	83.0	4156103.6702944776	102826.0173219754	62125.308393533734	170295.9436117023
372.93680745071754	151.0	122.0	104.0	61.0	36.0	5395686.429738816	60.0	3609037.771583233	96305.06310962277	53568.6344200546	137364.4740245206
370.93145429989374	147.0	107.0	119.0	56.0	45.0	4722127.001603545	64.0	4108039.968444898	101203.15927299502	60677.612089579634	167978.65030006357
369.301620750718	161.0	87.0	123.0	60.0	43.0	5167962.424731292	76.0	3947562.4100118796	100588.80114898577	58503.47079046709	158121.52627257397
369.7175254405831	142.0	107.0	124.0	60.0	41.0	4944306.921718119	95.0	3982074.9221893842	100232.61766409659	65784.05907335982	163714.0812470198
368.88386373401954	162.0	92.0	108.0	76.0	36.0	5411385.517596286	63.0	3695618.8104088744	95207.61416575889	63520.71894145977	150971.59711282264
368.6582562117036	164.0	103.0	90.0	72.0	45.0	5351220.098774131	82.0	3992932.6802870072	101464.58326479624	62173.89130277532	166149.769752023
375.81677819474	170.0	103.0	115.0	46.0	40.0	5201856.623148132	84.0	3441677.6523400466	96936.911077359	53896.86296059763	139142.90318659972
369.6940027574294	155.0	105.0	106.0	68.0	40.0	5437134.994165913	62.0	4012707.5137898307	97090.86698015951	60926.30565037101	158441.46995598509
367.49872221958515	149.0	106.0	107.0	69.0	43.0	4950655.682592909	67.0	4022873.01924795	108408.71140173546	62981.8746201567	163772.15616199162
376.2833572035103	174.0	99.0	121.0	43.0	37.0	5562641.749595206	41.0	3375648.2662844453	91561.88152969102	53367.61252232929	140152.11204723147
371.782056965857	174.0	103.0	105.0	45.0	47.0	5073471.880214935	76.0	3983329.5907058856	101118.38686483957	57338.5015100611	157710.96173315268
367.37365326579436	143.0	97.0	124.0	66.0	44.0	4428193.05693232	98.0	4348155.788551114	107299.70190244899	64065.97678339193	177369.67762623396
372.48448602940624	163.0	104.0	113.0	51.0	43.0	5284413.745511292	94.0	3952431.9734903434	98500.63094790862	64667.022185923626	159012.4358644286
367.4470054424666	156.0	85.0	118.0	72.0	43.0	5037832.778387891	89.0	4220938.53981266	107236.75688519038	63546.76971939794	171835.06929106882
371.413113766486	158.0	94.0	117.0	62.0	43.0	5069255.165990509	71.0	3969222.3470047466	104098.72075143235	59867.103213572016	160725.60918021726
365.75845939889325	168.0	89.0	122.0	45.0	50.0	5182319.730953438	92.0	4307254.609455807	110016.46267970596	68043.2149634118	176671.5418989528
371.9474271995371	155.0	98.0	125.0	57.0	39.0	5101442.864475034	112.0	4138221.094710721	97540.85056895982	59088.481608925526	161846.50523263356
362.4896302421905	162.0	79.0	109.0	70.0	54.0	5040250.101233173	79.0	4760509.646090737	107092.24372496888	72406.20458537096	187893.83194773176
373.0639243047094	167.0	94.0	111.0	61.0	41.0	5038525.607384118	75.0	3699700.171868826	99229.86942639963	58184.01786739586	151747.94832420995
369.40845254984197	161.0	88.0	119.0	64.0	42.0	5036373.873709065	81.0	4227948.653339807	100050.90312065442	61734.15346494874	168139.0636510612
370.41843591436157	163.0	94.0	108.0	70.0	39.0	4948219.745637005	82.0	4012818.7055395497	99127.71601334772	60129.148238630216	160058.79901845678
370.4652261894306	156.0	95.0	125.0	59.0	39.0	5606622.938541857	84.0	3795674.690441184	99820.02364042973	53160.82898655521	155033.69912206652
371.46761336930047	162.0	99.0	114.0	57.0	42.0	5293004.545132141	99.0	3686031.671288565	100914.63712620246	63648.70777716667	155407.18444843765
368.1893326630233	163.0	92.0	113.0	66.0	40.0	5743602.597125243	55.0	3897023.3089170097	98649.11388964954	57992.6983692274	162557.5950993185
376.49960820831154	178.0	102.0	109.0	51.0	34.0	5581476.02762706	65.0	3378360.039274262	95980.80448981721	52153.669890962425	141038.9053966166
373.28323091530706	150.0	111.0	125.0	50.0	38.0	4876903.926000318	52.0	3674379.6965164803	101280.85497443864	59942.087174910506	153308.68031152833
367.66048369386226	145.0	109.0	113.0	57.0	50.0	5311347.518254243	114.0	4000552.752626718	106032.31518493194	56278.760947936404	160629.71916023263
372.7500418789267	172.0	91.0	118.0	48.0	45.0	5456239.345154455	77.0	4014884.3447677623	97007.26503890337	54620.249379161265	166893.08012755396
364.5182951764807	155.0	91.0	123.0	53.0	52.0	5254164.568862246	102.0	4175377.9819312454	101881.8025136615	62502.88120907954	172908.96203414985
368.0213238417542	168.0	88.0	103.0	69.0	46.0	5170858.302503924	71.0	4346692.509631291	103750.65012078181	59020.360687281194	177277.49858604855
373.19929772629916	166.0	102.0	119.0	44.0	43.0	5438137.700182787	82.0	3414395.9014905374	98636.75309846611	48971.65530626384	135552.7047864183
376.4402909507831	161.0	112.0	117.0	48.0	36.0	5276210.2079276405	49.0	3353400.7252798267	92543.57758956858	47985.53022653471	141783.0815416989
376.6866243495457	159.0	117.0	111.0	54.0	33.0	5626508.8192615	82.0	3109778.093696881	92372.25493793382	45868.105090244106	128606.67732466036
368.3284707954374	168.0	87.0	122.0	49.0	48.0	5255602.324179763	96.0	3865897.1242542025	104779.22122779727	55755.73870372037	153678.258283589
362.3337185461586	158.0	93.0	106.0	60.0	57.0	5092556.860571463	114.0	4660582.832091532	109168.77568775139	76734.04613765707	183873.66350851484
362.2105498276516	162.0	96.0	97.0	67.0	52.0	5310811.051636126	109.0	4460377.887083259	106061.8290160716	65989.00742609543	183973.68812809087
366.21812483238944	157.0	98.0	109.0	60.0	50.0	5421233.648785238	69.0	4322107.948444106	106522.37331243212	66642.18080288192	171946.14483591722
370.76731040086224	164.0	100.0	114.0	54.0	42.0	5242655.308766764	76.0	3926540.7052924107	102625.83967302545	65945.71101205252	153338.25204074115
365.97976950545166	167.0	101.0	89.0	71.0	46.0	5334692.055967689	75.0	4270394.896155752	102625.34051691988	61436.758341840155	163587.30079637002
375.8189646475568	160.0	113.0	106.0	62.0	33.0	5474248.87344115	88.0	3487250.151690686	94449.34755944603	49733.67378882243	141937.569495465
369.6752539622479	180.0	111.0	87.0	48.0	48.0	5444298.822106337	91.0	3554774.2730205017	101297.56594262575	61320.99446012283	146974.98128270076
372.31988806077516	163.0	93.0	118.0	58.0	42.0	5117300.722018539	71.0	3901697.7544404985	98558.75394587504	65621.51256354434	160736.93224425905
381.42782851898585	169.0	104.0	126.0	49.0	26.0	5451321.071343817	44.0	3057285.808393481	90708.95042813903	51829.02238165219	124913.15132210817
369.9699578093192	149.0	108.0	111.0	67.0	39.0	5073599.372726343	59.0	4102976.689589274	102038.29475540205	66714.6241443977	164098.67698792877
367.4607427371302	148.0	94.0	119.0	67.0	46.0	5306842.746643596	85.0	4100872.205154436	108644.76229595055	60231.19473686558	163292.45591703348
369.7980342356416	169.0	89.0	116.0	63.0	37.0	5543034.303464953	66.0	3761294.063741879	98034.83054984594	56920.954056531555	153416.5413194698
369.87619479737884	166.0	91.0	103.0	72.0	42.0	4961993.3731212	94.0	3925763.494081782	100620.0789947719	53322.402649627824	157788.64646498085
369.8772862784124	165.0	92.0	101.0	72.0	44.0	4817727.867711449	97.0	3921386.2787533733	102412.64059675374	61365.155069037144	157997.87524737354
368.65026235955514	160.0	88.0	119.0	67.0	40.0	4905026.303603109	95.0	4061182.759970197	102842.8296345372	57410.13318043346	168221.6920712235
371.32057813541655	154.0	107.0	111.0	65.0	37.0	4997924.323748075	117.0	3910069.7577561443	100543.17804607408	54600.27028137752	162874.84423243324
371.5476185118638	181.0	96.0	104.0	47.0	46.0	5454940.94849082	70.0	4072755.452445008	98788.77512486832	67967.85449470284	162339.67939305486
367.3696328514966	154.0	96.0	117.0	61.0	46.0	5065442.93610856	70.0	4016869.5517927115	104526.47077462974	65427.02368874822	163053.89523036976
371.1112522349074	177.0	93.0	112.0	48.0	44.0	5495920.205853176	93.0	3886608.5149729443	99228.90396590333	55001.879748380976	157174.1049905539
367.42214489366285	157.0	112.0	99.0	60.0	46.0	5372638.568136016	72.0	4188550.486405517	101920.54767559333	59786.44848456177	167886.20267439482
370.8167075794498	135.0	113.0	132.0	48.0	46.0	5056531.78668192	58.0	3968710.6444085087	100660.07995569608	56365.71731017607	160417.499333503
363.82773872634743	159.0	101.0	103.0	61.0	50.0	5279022.8104245225	153.0	4836010.1931271255	104763.52515499544	73840.83226388312	195625.9997470099
368.81900556398045	146.0	117.0	101.0	67.0	43.0	5428317.994885294	80.0	4126801.824774897	97133.4720653153	64577.76756489008	176252.32481644378
366.2537200160424	148.0	108.0	110.0	63.0	45.0	5284668.836857589	70.0	3929526.984798795	103587.5692285524	61287.52707023607	158356.8300477379
372.67233096234	176.0	99.0	101.0	54.0	44.0	5061169.593029531	119.0	3687805.397125463	98187.63274751374	53985.72847953889	151135.197598721
370.9374126566912	148.0	108.0	124.0	46.0	48.0	5287376.416250904	63.0	3857723.6181483055	98106.89984795508	59509.4480395985	150850.32038057066
368.91792105833565	159.0	109.0	111.0	46.0	49.0	5226619.576062327	176.0	4289415.04085763	101199.31732144768	77208.93385383554	174456.98182269523
368.0633875516085	167.0	83.0	128.0	51.0	45.0	5766712.896930223	85.0	3489591.0852245097	104139.64212392678	53983.08168940081	146355.9182007783
370.14519850828106	163.0	97.0	119.0	52.0	43.0	5273996.518766124	76.0	4117277.54097504	98433.27926563274	58005.62727777499	165825.55920627504
372.93026262806825	162.0	101.0	108.0	71.0	32.0	5185067.400245129	65.0	3569300.7633985644	97177.913753171	60695.44224070419	146320.0967400468
365.9029466007336	152.0	107.0	97.0	71.0	47.0	5175940.1798518635	102.0	4525972.977038082	107005.54713878414	58055.902164005725	180694.09227455617
374.04303468668115	156.0	105.0	119.0	59.0	35.0	5093703.26582469	45.0	3536396.9007447995	97318.44116570031	57616.270387613295	146551.66485073336
366.67126392924985	165.0	107.0	102.0	47.0	53.0	5306764.414962864	78.0	4144378.1510590855	99087.29672931878	68798.09390834639	159607.23216090442
365.21340394565635	148.0	101.0	112.0	68.0	45.0	5331358.2331190035	97.0	3983478.49864225	104145.66109937144	60208.1093843892	168655.3047736404
369.4728847098555	153.0	100.0	118.0	63.0	40.0	5113853.429736467	85.0	4074675.6422430333	97660.39748972593	61809.01443921071	170081.9033531013
374.65833533936654	161.0	103.0	106.0	70.0	34.0	5396409.311003061	70.0	3530515.727295273	95914.51760292832	57919.274012629896	142548.0456487912
367.715284752757	180.0	86.0	104.0	53.0	51.0	5024059.565511772	93.0	4436846.617892207	100572.46006568143	71697.30441445125	176278.24918641694
375.9859134950586	157.0	115.0	117.0	54.0	31.0	5282521.534419363	55.0	3149608.040399224	96882.72729694555	54006.66966761184	133729.31537588104
370.59031695294885	164.0	97.0	102.0	70.0	41.0	4965131.571490413	72.0	3984977.869365176	99919.5530796276	60820.094736871215	165471.97119090863
374.41512277549	167.0	112.0	99.0	53.0	43.0	4838686.2224991135	89.0	4058180.6872719163	93710.50059549032	64526.98606447976	165204.2467328299
370.20459019713275	158.0	99.0	119.0	57.0	41.0	5501893.746379503	83.0	3747800.6713705785	100159.04389656232	59771.015927160275	151804.6332354123
364.54306789107454	157.0	93.0	113.0	58.0	53.0	4662055.694584619	107.0	4401113.3193106055	108615.87833702195	75154.46136618267	181254.57669754233
372.3461064592021	180.0	84.0	108.0	60.0	42.0	5505211.758784042	85.0	3921872.1890381053	99272.7284555444	56568.90827674967	152058.38121315115
367.1755579340541	146.0	107.0	106.0	72.0	43.0	4769511.511536121	84.0	4202931.954838668	104574.82531003197	65850.45986658066	164778.94396831986
365.56830770962273	157.0	88.0	116.0	64.0	49.0	5036757.4270687755	59.0	4121499.7551990924	108617.3443727048	67438.80119312063	167641.13763375906
374.33097602275086	161.0	116.0	107.0	54.0	36.0	5179462.028703456	78.0	3381578.468800962	98359.16495106735	56145.49516515542	139307.0689283597
375.4884876700931	174.0	105.0	114.0	40.0	41.0	5199723.212898603	99.0	3485494.150189871	99141.22439173807	58834.04980503216	139889.69044063688
372.24862204248916	167.0	88.0	111.0	70.0	38.0	5340918.816405132	46.0	3880188.431304823	96524.12703381621	62048.19947447678	156771.07028215646
369.10959914147065	167.0	95.0	104.0	67.0	41.0	5586649.952553226	95.0	3892368.39501244	104412.43705752175	60983.547012564624	157929.38670365507
371.57264202154226	177.0	92.0	104.0	60.0	41.0	5639331.935161451	51.0	3687916.976406931	102056.17529429734	57540.20938642311	150484.0010100542
376.5032818319271	171.0	111.0	102.0	58.0	32.0	5422772.411107689	70.0	3462485.4900631793	94196.01862335915	55550.48176606554	145711.4534034431
372.3042594482809	175.0	98.0	103.0	55.0	43.0	5569037.334573466	67.0	3514952.834021773	98855.25982701403	50373.19248348009	143082.16306901968
373.0383772979682	167.0	101.0	118.0	52.0	36.0	5709987.657099044	43.0	3369263.2677893476	94340.12886423877	49020.20601824339	143664.60481468274
367.25463778541825	166.0	90.0	110.0	55.0	53.0	5129420.96850928	93.0	4123321.630211179	104169.2721516179	63146.826600521206	166168.234850219
370.59592039856307	164.0	104.0	109.0	57.0	40.0	5534405.663082937	67.0	3753986.5518276324	98088.45195898687	66248.28019446835	151497.44222345512
370.20579680972355	153.0	101.0	117.0	60.0	43.0	5131234.617140863	80.0	4146900.9346737876	99982.53079884677	63043.6178760131	161848.16090340313
364.12486747427477	137.0	102.0	111.0	74.0	50.0	5310478.533942673	67.0	4430842.1837452855	105359.62065455556	65184.326131181166	183194.26189542483
372.8011229601176	166.0	91.0	123.0	56.0	38.0	5266548.722703063	65.0	3585339.7819851357	98835.5375856483	59357.98954345689	148152.53430613366
367.7159830515893	163.0	98.0	111.0	57.0	45.0	5360488.394724791	88.0	3849959.9369964246	98340.7473198353	65834.14114369801	156493.25813629068
372.37569575400215	170.0	99.0	112.0	50.0	43.0	5293781.115488128	78.0	3530162.1960424418	98875.06178133262	58295.73836067681	144248.30692151614
376.1380628519099	168.0	95.0	124.0	51.0	36.0	5041125.93530258	59.0	3517855.0476335883	94966.07907404841	47132.718899632426	144506.28196517227
370.39485312702755	157.0	97.0	120.0	53.0	47.0	4829716.566476116	62.0	4103215.0303928116	102888.28735147821	65466.30880413773	162692.41131040308
363.17344495674934	166.0	101.0	93.0	65.0	49.0	5167389.46801863	120.0	4423082.350068728	106542.8829216819	69768.30153827672	169093.93352476007
369.31015007342	171.0	98.0	104.0	54.0	47.0	5162441.916391056	69.0	4009341.612607406	99323.05791651786	64507.66373919189	162013.4083953622
369.633230686106	144.0	120.0	110.0	50.0	50.0	4719892.132592295	103.0	4351335.772270707	103790.48524137345	61402.118240104784	171556.80791125054
368.0716083528541	156.0	95.0	114.0	66.0	43.0	4970390.514420418	86.0	3907859.4527906887	101171.2470317623	60369.994224342045	162835.43880364252
370.29186607970104	154.0	112.0	98.0	66.0	44.0	5155440.478926971	81.0	4100214.1510827197	103342.41274594876	59030.30360429704	163862.07192880855
374.91515702577453	157.0	96.0	131.0	48.0	42.0	4810891.925349116	57.0	3960427.284198442	101008.82095629984	56299.79856877833	149265.08629318734
375.8572557868016	159.0	114.0	106.0	60.0	35.0	5356633.251790304	58.0	3578612.725988095	94386.77305633883	60390.05514788015	148932.08365707705
372.8152818283263	173.0	93.0	108.0	58.0	42.0	5668341.970756837	71.0	3912378.300195297	94579.35903634626	60954.67600898279	157452.17455217207
368.2062718063553	142.0	113.0	113.0	59.0	47.0	4841710.9357718285	73.0	4375280.475351308	103596.593494272	63565.50357035524	173938.85209487664
371.04868459259194	166.0	101.0	113.0	51.0	43.0	5155730.9599017175	89.0	3530758.7035175357	94966.81288408484	60760.708241669025	152499.98262189905
366.6501653811281	141.0	108.0	113.0	76.0	36.0	5282070.622445419	101.0	3926678.445680702	108141.73507195091	60746.57891552341	164886.09942267445
374.93866712254976	170.0	93.0	112.0	65.0	34.0	5071652.660296213	72.0	3440739.1738646943	94032.83718413793	57408.77649206629	144685.56792993215
377.5085644299049	168.0	100.0	112.0	62.0	32.0	5172764.791074874	47.0	3291153.9975183895	92840.57303306181	51180.78223557488	139108.09531180028
370.30312370707077	162.0	88.0	124.0	58.0	42.0	5577133.703703355	68.0	3846854.758107529	99207.78938226111	54095.650689797025	163529.65125738608
376.67281927331294	167.0	112.0	107.0	58.0	30.0	5255873.673387233	93.0	3096121.148283381	91605.15885456941	43443.48047150631	131402.17555841518
372.2328956091929	157.0	94.0	122.0	63.0	38.0	5452287.967798889	41.0	3557374.6989649	94750.49776214315	55202.72164276591	150530.43234130013
366.7884863112648	144.0	101.0	128.0	66.0	35.0	5444350.128472736	76.0	3853838.37627608	103037.91753482772	62412.84164313524	163594.14035817457
363.5089808714024	156.0	94.0	107.0	69.0	48.0	5425596.855846766	70.0	4338495.947379641	104352.30570965185	65999.14695605673	171036.21542984975
365.4896812154402	158.0	99.0	105.0	62.0	50.0	5469229.127879528	78.0	4346265.387262589	102178.79926328396	63187.65294894631	175225.22847154288
372.02850339417637	166.0	103.0	113.0	40.0	52.0	5137076.109457213	111.0	3989389.567191777	99379.44567057378	65183.21024275664	167582.14263069438
371.4829618957052	171.0	104.0	94.0	61.0	44.0	5057976.879885425	81.0	4154418.072388825	99791.39797328766	55348.91095475938	165704.21474226966
371.2434453822674	159.0	98.0	120.0	57.0	40.0	5694068.257462725	67.0	3742396.7337358445	95937.38599697432	63401.60328643824	158710.04292419006
364.83941251642966	155.0	109.0	102.0	56.0	52.0	5191805.41605225	95.0	4362597.523254758	108610.02885941454	76914.49751541034	175198.68269800118
372.3205305605253	169.0	94.0	123.0	49.0	39.0	5266834.271316661	60.0	3577259.7092648875	96558.55813263051	54617.079160723886	141132.35900630173
373.16937976334646	157.0	108.0	113.0	58.0	38.0	5225653.053746259	65.0	3762009.5331728337	98415.52755502508	63949.447187154496	153206.1924705709
374.6955527117849	180.0	99.0	103.0	54.0	38.0	5608785.043902246	64.0	3527287.472540171	95034.85693318532	48881.56907181715	141428.87170770403
368.4709916425412	154.0	82.0	133.0	63.0	42.0	5271740.619291369	108.0	4072270.9067145246	106825.42287194433	60994.121744459946	167804.77210726653
374.3096474026123	163.0	102.0	110.0	65.0	34.0	5290886.950773722	81.0	3859822.5746299457	95830.05167572135	54889.802027777165	158607.5481810195
372.65169228696567	154.0	96.0	128.0	59.0	37.0	4883407.460884978	59.0	3884439.4915177654	98642.7771937956	58834.736869513676	163373.3057172674
370.0028057620133	171.0	89.0	118.0	49.0	47.0	5714165.18163152	92.0	4181148.492321342	98460.39387217905	66404.85233890286	168190.4957366411
364.22486576091853	146.0	99.0	122.0	56.0	51.0	5047944.946972245	86.0	4148124.416005674	108102.80626435098	66960.5100533855	168902.50670343018
369.17511448946794	167.0	93.0	111.0	62.0	41.0	5313592.911890152	71.0	3916779.909056469	100860.50627938667	63599.86813231806	158458.37351742305
373.62524383385926	173.0	95.0	120.0	49.0	37.0	5874133.361231929	68.0	3394784.4202131904	95864.58925222149	58013.603189631904	141610.63086223428
370.0553943674311	157.0	108.0	113.0	57.0	39.0	5539179.049184604	62.0	3719354.360753645	97976.3863539497	65375.227530794284	151861.92538180604
370.70611569343305	168.0	98.0	115.0	53.0	40.0	6004709.668629978	60.0	3592962.765804232	98367.04048075815	55621.09830818645	150189.50748572976
370.78964901414986	153.0	97.0	122.0	66.0	36.0	4559898.028531589	82.0	3779508.9411642486	101450.0752863741	61432.25100664211	150176.5949221284
370.6297449882558	163.0	103.0	112.0	55.0	41.0	5135196.089409456	128.0	3893702.6060570697	97558.50609594984	59317.33525072565	158121.87142128585
370.01692373472406	159.0	103.0	105.0	62.0	45.0	4932101.833710632	86.0	4125143.1514899167	100047.40584185734	60512.36857772076	171164.42029504734
373.7497659414304	150.0	106.0	121.0	60.0	37.0	5139139.752823662	82.0	3614418.496017766	103810.55658255922	51307.12791490489	149184.08241316024
371.3789146411374	148.0	102.0	127.0	55.0	42.0	4548938.960998809	88.0	4245893.258925064	102810.25055257701	55593.6369742402	176968.01848353352
369.30584221215395	150.0	106.0	111.0	69.0	38.0	5182627.641352374	78.0	4256256.761072257	101537.3309049325	74945.89404177079	173877.3629298393
366.04103438302275	157.0	84.0	121.0	68.0	44.0	4951887.656585288	62.0	4117698.1023885123	107747.45436611654	62117.13113007637	164456.52923552244
370.5977823184809	155.0	98.0	117.0	58.0	46.0	4974848.660126224	104.0	3784253.8680791217	98260.9473119799	57502.15070330433	156824.524341879
369.9609785151377	168.0	97.0	113.0	54.0	42.0	5426757.621998923	86.0	3858791.2294600653	100403.7473495632	56499.62169782678	157325.67329362998
371.7141195284383	159.0	97.0	115.0	59.0	44.0	5056358.378432151	80.0	4414857.369185394	100396.21595844347	70306.04015484644	174550.2739125194
372.0209185743076	163.0	107.0	116.0	47.0	41.0	5376560.570559072	83.0	3544057.9414755544	100355.95170163721	54078.39546795016	142113.18694473978
371.2545078368039	165.0	104.0	112.0	54.0	39.0	5186975.33069182	82.0	3757580.3662275737	99784.27904020059	65405.35478614081	157712.94141399857
368.3555748285547	155.0	98.0	123.0	54.0	44.0	5058570.054956164	126.0	4051926.451057231	106337.90150594874	58442.95417613738	160404.18278466054
379.24411065034315	174.0	110.0	109.0	48.0	33.0	4965264.060586726	96.0	3202598.7360029463	91677.70707672849	53245.593926093396	132854.1994407069
372.2623246322243	160.0	104.0	111.0	60.0	39.0	5254635.444748646	77.0	3598777.135458492	102362.7033551438	51159.34619636798	144644.04461294378
373.49725855847544	182.0	96.0	103.0	52.0	41.0	5070836.639686614	74.0	3213812.600239371	97559.96962969578	55734.88364542967	139034.96415966746
369.47494873364616	135.0	107.0	129.0	57.0	46.0	4807456.384982066	58.0	4244396.02693789	105655.08346730699	60250.03142103033	169877.81193679804
374.34629114746224	148.0	104.0	121.0	60.0	41.0	4526047.488902533	106.0	3969778.690563704	105166.53881559028	53753.74792603495	162334.97098234005
372.46583655217364	174.0	91.0	112.0	59.0	38.0	5123820.450387144	75.0	3646214.1591495946	99225.4231768595	55549.491833909706	149972.22973876074
366.6645568780353	155.0	86.0	127.0	63.0	43.0	5158364.046554861	70.0	3862637.5745109236	103362.17314971887	63534.16715683359	164973.6865573373
371.47139923899806	171.0	96.0	108.0	56.0	43.0	5331900.554806109	72.0	3756890.6693099514	92903.20208087988	57507.33157745547	162246.86920742848
363.1545739500279	158.0	80.0	131.0	58.0	47.0	5562656.420206602	98.0	4414059.751669249	104645.61956381817	64751.28345375954	184018.77381344768
378.0919287479095	196.0	94.0	103.0	45.0	36.0	6066630.37023395	61.0	3355083.304015263	91651.4637757923	52830.351270328654	139510.647321844
372.16752125025664	173.0	105.0	94.0	67.0	35.0	5309458.127600692	90.0	3442060.3206578186	99459.65259926466	49078.304259130746	146686.6046598091
370.5224908438449	142.0	120.0	113.0	58.0	41.0	5788310.070839519	89.0	3875570.807799733	99557.81368505833	65140.79286874297	154101.66819615162
365.5155229747861	158.0	96.0	111.0	54.0	55.0	5192392.897728736	94.0	4272384.3745142	105366.07035091089	69123.56778416017	178658.2888167025
366.9954526094395	171.0	101.0	93.0	54.0	55.0	5203626.693847707	81.0	4254908.327631763	102618.38714842577	63058.26072200047	171535.1723818698
368.62715824783425	145.0	92.0	133.0	65.0	39.0	5273537.460570294	64.0	3842846.6582937324	107793.06824333993	64746.884090013074	152638.8609678895
371.28501122254534	176.0	97.0	101.0	54.0	46.0	5052369.196808647	97.0	4099240.9459338263	97362.31594135461	62171.743565406316	163579.3277976121
366.7748050206478	149.0	92.0	127.0	55.0	51.0	4863141.312188496	71.0	4304556.123977447	105851.47294950482	64333.33483086557	170951.66138956972
370.0589007931844	167.0	94.0	109.0	65.0	39.0	4818600.979674749	64.0	3941855.595010317	100002.52299582757	56459.82318846397	155403.12246389806
375.5893212270735	167.0	111.0	105.0	57.0	34.0	5360344.9442493785	114.0	3417228.946620969	92276.61084857196	57554.84651881374	141424.85873996658
370.9195138503144	158.0	97.0	125.0	47.0	47.0	5306182.218914468	48.0	4178148.1409542584	104381.26159434856	71277.70233137513	164219.2024266243
376.1260235561622	176.0	100.0	101.0	61.0	36.0	5226264.584435273	45.0	3627312.59383805	94904.6110206363	54598.00329562956	149599.9477951115
372.1918870444208	181.0	95.0	109.0	48.0	41.0	5113472.755298134	77.0	3876622.263349487	102754.29315101469	64737.9153012741	157463.17190543367
375.10451705865995	174.0	103.0	103.0	58.0	36.0	5279910.693510382	35.0	3247711.527558706	94402.46918519946	48574.08964081724	131546.23436369072
370.4252235574048	158.0	96.0	116.0	59.0	45.0	5164745.32894878	81.0	4138519.826545639	104008.37364706231	60688.26493511109	162283.35523577122
370.25369516267085	157.0	113.0	101.0	62.0	41.0	5354475.963413099	66.0	3617312.8529085936	102644.13487915085	63017.35058175419	149731.9771762678
377.09693409877144	186.0	99.0	100.0	52.0	37.0	5181969.884804066	84.0	3577846.207028259	90544.62802545424	53883.205867929864	146205.2523683973
369.9773427139828	153.0	104.0	108.0	73.0	36.0	5358508.165431665	67.0	3834858.648361119	101921.64383834595	67397.35684186155	156036.04978694918
374.7967961917006	163.0	96.0	125.0	51.0	39.0	4725700.005264241	45.0	3665928.2781126983	100227.05206597384	59069.06878193052	152357.46441700918
373.63965921097395	165.0	110.0	107.0	47.0	45.0	5114868.404962634	103.0	3742656.78513541	98461.60368343082	60280.51928359349	146257.95364934456
369.7891217547525	162.0	103.0	102.0	62.0	45.0	5001031.915240487	82.0	4291430.87426936	99521.31544203138	65963.43041974376	174268.73504925452
374.9980617808422	165.0	100.0	120.0	54.0	35.0	5291302.5943830125	78.0	3387767.843015699	97782.48432617079	59347.1943262982	135331.3817662709
369.1769615206462	160.0	109.0	100.0	54.0	51.0	5177667.323420601	87.0	4018645.163955181	104663.43806554859	62388.24509013766	160778.61990985525
370.5536082293131	173.0	96.0	108.0	53.0	44.0	5312295.5357725825	89.0	3867950.4687834177	99302.61636022877	55573.84238172299	159229.40132604388
363.369211524815	172.0	76.0	106.0	64.0	56.0	4936911.305099676	137.0	4732548.8721700525	105323.79710646714	76512.19286732169	186023.02722360112
360.17998294927577	156.0	98.0	101.0	71.0	48.0	5283902.346296081	116.0	4479313.527762236	108779.72563250721	71102.98219958815	180982.51292212782
369.86136459952115	146.0	99.0	132.0	59.0	38.0	5302037.96017137	88.0	3675008.449616355	100911.93235034522	50960.25559750051	151119.39913312142
371.2045200100419	155.0	95.0	124.0	62.0	38.0	4848608.8271271	62.0	3880442.6691484232	104013.01752795784	55350.031537703864	158223.10344363895
367.9943450221226	153.0	106.0	110.0	59.0	46.0	5188567.877583282	93.0	3775071.011159006	106049.70739035052	58764.753518101774	151123.7199180447
361.5845977816029	147.0	93.0	122.0	58.0	54.0	5277381.639139241	137.0	4649758.444285512	107119.67263054867	73425.85407276606	185476.53607899245
370.99260429745635	159.0	97.0	120.0	59.0	39.0	5011435.832861897	76.0	3534509.491741348	100973.62018737571	55945.42444596971	150581.3149153731
370.8502443080579	171.0	86.0	118.0	50.0	49.0	4867520.608806925	132.0	4171080.0806855643	100873.6800963218	61589.065419792794	167526.52066051832
370.5648412946622	165.0	107.0	105.0	55.0	42.0	5527129.469733228	73.0	3960424.2500389125	102808.84617111253	61797.81655909514	154398.9455278613
369.3122524719739	155.0	99.0	119.0	58.0	43.0	5132646.90319944	72.0	4183905.1885145344	99538.92425256693	72666.85393258769	169285.75204274087
369.1603263543965	157.0	98.0	109.0	69.0	41.0	5349013.946781797	99.0	4173671.8237882913	98365.80256484059	69031.41987450799	164280.15830821745
372.2244305570757	153.0	108.0	118.0	53.0	42.0	5259413.386640426	65.0	3824293.871840708	101863.84355700151	56340.98868571573	159008.94010949286
373.2792841009439	179.0	96.0	111.0	48.0	40.0	5689377.722655467	70.0	3485092.9673694447	92691.72778535864	56574.01329376966	146088.91062421585
376.24246663213773	190.0	91.0	104.0	52.0	37.0	5701116.076610369	72.0	3433381.183829723	96585.0276503922	58128.38754489036	136532.33249311367
373.07759716372277	172.0	94.0	114.0	56.0	38.0	5500000.187329698	98.0	3508509.3535869094	95571.34061251972	52641.07170638163	143401.9594809591
368.20724574719725	177.0	89.0	102.0	60.0	46.0	5552047.717406113	121.0	4260093.721028938	102392.18274968691	63073.087599365164	167359.65071923917
365.44379857323946	157.0	96.0	103.0	67.0	51.0	5348244.030315652	105.0	4322444.352184039	107022.56618503218	77879.12115800139	178984.91334508528
363.02393836855396	149.0	92.0	111.0	80.0	42.0	5692390.222327417	57.0	3966064.7377758273	112366.74053339093	54597.69752716966	161646.05421730838
375.2898150010358	159.0	103.0	110.0	65.0	37.0	4844903.497404238	63.0	3233249.739003917	99989.84372064724	49515.80062500602	135566.0723860247
372.66677759306043	152.0	99.0	122.0	69.0	32.0	5322796.78585648	32.0	3683207.1150712688	101567.14513700976	55295.05550860906	145929.50793166336
368.4751816686213	155.0	102.0	109.0	63.0	45.0	4755062.295618995	104.0	3884347.1517477985	101662.9951009863	63498.70636369438	159875.90241037664
370.74642556374823	158.0	111.0	115.0	46.0	44.0	5284996.117672569	58.0	3830387.221672044	100505.5103513835	53946.30449705003	157139.42158766242
379.6310328319656	165.0	108.0	114.0	55.0	32.0	5072339.176945239	49.0	3403922.0384528697	92521.99262900461	51910.01724466943	136931.22061026163
371.38904171710954	145.0	101.0	124.0	65.0	39.0	4968200.691446562	63.0	3924686.875721384	103890.32951142752	57204.62245089034	161588.32965293096
368.7874764662815	162.0	75.0	136.0	55.0	46.0	5237574.104493158	53.0	3962760.1698421156	103891.83268937047	56008.362534261054	162147.70140574098
373.06118683855954	147.0	120.0	96.0	71.0	40.0	4823192.330501287	54.0	4101348.0386061436	100696.1599747407	59138.691983669516	163342.08360976938
370.89063330941804	166.0	93.0	111.0	62.0	42.0	5174907.557475492	65.0	4210493.020133918	98901.82040146575	62732.81685599025	168129.41168332752
364.56038538015	161.0	96.0	107.0	57.0	53.0	5071399.610635802	97.0	4571772.851879974	108208.72008622377	73453.292249284	192583.52367045777
369.79036545146073	173.0	94.0	104.0	63.0	40.0	5555097.526438333	64.0	3854236.870614171	101631.77999540139	60426.6096474323	163862.1344660007
365.4904013560085	171.0	87.0	101.0	59.0	56.0	5139549.666808095	118.0	4427268.756824555	100996.09448212286	58551.476957713574	175786.51866585203
371.9312250558546	160.0	89.0	124.0	66.0	35.0	5185927.569416268	57.0	3866950.4702812056	99266.06795370126	54784.89771297962	154864.5456036029
370.3010232688582	182.0	93.0	105.0	54.0	40.0	5600317.050187272	89.0	3717816.937001654	96908.68986120643	61512.763040816906	151750.2787447677
374.21208028998785	164.0	95.0	117.0	67.0	31.0	5275049.906138448	80.0	3345415.4724866776	95155.27756178984	54110.61439546388	140857.76214078796
369.58532406456857	189.0	81.0	101.0	56.0	47.0	4979278.648717305	89.0	3975362.2801797865	98668.29830953878	71597.58533503073	165737.89123003557
366.6141265232071	143.0	114.0	109.0	65.0	43.0	4935797.3520202525	76.0	4121368.0512918527	103463.46718608748	63915.32195395429	166031.0482160393
376.6741071425114	186.0	91.0	110.0	52.0	35.0	4854686.738795189	66.0	3281048.986099436	90382.2619973823	59931.87244449636	134149.20120254808
368.3128359261562	173.0	92.0	102.0	63.0	44.0	5522770.995470926	72.0	3966830.2054804424	98343.05690638216	57082.67814016216	159486.9484458581
374.0361785126098	157.0	101.0	121.0	58.0	37.0	5044076.913600866	48.0	3604547.268653484	100504.15122249343	54736.935314725975	140901.18649134733
372.0999868402926	160.0	100.0	108.0	66.0	40.0	5496272.027743592	50.0	4034246.2597323456	99443.48940483984	58998.88367617293	163625.3808144944
369.5670527592728	159.0	97.0	110.0	70.0	38.0	5450093.545322157	54.0	3615783.9024318666	102441.56171469914	59383.51339362171	149995.44939097296
361.64281732381323	147.0	78.0	128.0	72.0	49.0	5049577.73460369	123.0	4861849.287784942	107754.12552696509	76890.31073264519	191292.10551644565
371.00554879329934	180.0	101.0	91.0	63.0	39.0	5695478.973436864	74.0	3556880.699199506	94558.47030840375	55903.374556663795	144926.1800955371
369.8473051935048	165.0	93.0	105.0	71.0	40.0	5157786.046004089	124.0	4052459.7871953733	102717.73646239289	61411.91995873516	163641.5938514534
370.59865152795504	162.0	107.0	110.0	52.0	43.0	5300607.0534203015	66.0	3543000.629387537	100836.74422310715	55526.63903531036	139778.14015895705
376.8464486509789	177.0	95.0	126.0	39.0	37.0	5075138.351970014	59.0	3385240.3259948897	99270.34456656674	51095.278922176934	134885.67068835572
364.3976138860804	151.0	98.0	110.0	66.0	49.0	5152196.565691216	81.0	4337064.097090034	107526.33641269266	76176.88258583227	178671.3363532495
369.45884463119495	144.0	90.0	137.0	61.0	42.0	4836775.978754323	82.0	4101216.5571766635	104742.51607642988	63496.69370182324	168486.66676305217
372.0040398748301	165.0	102.0	111.0	54.0	42.0	5675790.994021247	111.0	3791405.5094479355	95323.47288888964	62800.59697295494	153736.6603200531
369.4150112345644	159.0	97.0	118.0	59.0	41.0	5735152.242068646	66.0	4181839.6061065253	101005.5895961246	64122.033295622714	166774.06494960948
376.2714198530345	164.0	100.0	118.0	63.0	29.0	5307098.858919203	43.0	3368934.6662333235	96976.33165350564	51270.79654563744	137569.42766230734
367.9958705642479	173.0	94.0	99.0	57.0	51.0	5184478.983156119	95.0	4158642.9633191056	101010.57242352756	59679.959449935595	168967.88468341116
367.57022072118286	148.0	86.0	125.0	72.0	43.0	4868820.404746382	65.0	3934341.6838381137	104516.7777449037	62113.630621437034	171054.0196715745
371.35405345690594	159.0	98.0	114.0	62.0	41.0	4937836.3632186465	70.0	3948244.2465552366	101655.49914051633	56482.024792464086	166288.44825020595
366.678738942784	162.0	97.0	104.0	62.0	49.0	4954926.598123139	112.0	4588226.742838352	103468.09088796876	79851.34920902574	180043.29860369844
373.65043605231295	167.0	108.0	98.0	67.0	34.0	5491282.807215612	41.0	3755439.225884439	97279.39863268138	54912.77038249821	156933.8946006724
374.28706426232077	165.0	97.0	118.0	55.0	39.0	4825131.2723553665	83.0	3572000.097466184	98856.97626490303	57170.84960098195	146989.51810598283
370.1319891617319	176.0	94.0	104.0	55.0	45.0	5317900.532064484	75.0	3846317.649648158	101547.96225639404	54900.425042716415	153020.2121076294
368.2183732992588	155.0	100.0	106.0	68.0	45.0	5336890.55712275	76.0	4286688.131037	100937.94606545407	68968.73740989169	169615.99251071207
377.134257975877	168.0	111.0	110.0	49.0	36.0	5398779.439593112	36.0	3309909.5142862312	94232.38334307479	52605.99271411916	129594.08274171494
364.2797658032821	154.0	90.0	123.0	60.0	47.0	5324578.832544809	71.0	4506923.174715177	103487.03472468583	70327.9765648413	185000.03999154578
373.6352017706641	184.0	88.0	118.0	41.0	43.0	5136576.996646556	87.0	3454014.637856135	96892.74162615144	51357.49289666295	136690.7261621947
376.3351331245313	172.0	101.0	118.0	46.0	37.0	5654432.707408393	55.0	3945025.978480557	95383.18922562536	61480.77586538383	155035.69707100122
367.4429006396984	163.0	88.0	107.0	64.0	52.0	4922392.371623865	54.0	4181830.272803668	103401.70638682475	65034.30605274452	168207.19796631884
365.7864022060702	141.0	100.0	122.0	61.0	50.0	4970899.603380993	73.0	4251185.139876976	105684.5087002195	69188.80845613073	173471.60509825553
368.65739221117155	151.0	106.0	112.0	63.0	42.0	5210533.432367195	119.0	3918350.4768712027	97363.74090861558	56621.77393079663	159991.1913805335
370.7926683115802	168.0	82.0	122.0	64.0	38.0	5198268.466515308	49.0	3839525.0418024333	98774.21576174929	58866.82577015401	156508.7270344452
375.0720573747874	172.0	97.0	115.0	54.0	36.0	5493994.860229651	67.0	3481557.893707156	95857.05897019681	56006.770376532586	142832.0026829452
367.08614428675446	170.0	96.0	98.0	61.0	49.0	5185192.613377603	73.0	4290609.1033335375	105246.04263428283	65948.00737910619	176521.85926571005
374.46005272221987	164.0	101.0	118.0	50.0	41.0	5136405.6871375535	109.0	3517495.3611317966	97935.45025683823	51268.21248747043	146803.25470985487
372.05393975715305	156.0	109.0	109.0	64.0	36.0	5428263.134043014	70.0	3548244.590841283	94321.87395877746	50541.35464320224	147046.37207248958
368.44302810688725	164.0	98.0	115.0	53.0	44.0	5498033.729664875	94.0	3883106.178570424	100304.67036917135	56515.69259022604	154828.59838561976
374.09255168800905	174.0	97.0	105.0	63.0	35.0	5525238.789351578	49.0	3189370.9077489213	91125.6094627176	50393.92180246621	136675.2698749454
370.36079245965243	141.0	116.0	112.0	65.0	40.0	4820367.911019787	56.0	3854607.9989607735	104051.79488423179	57168.10197718394	153074.8214019481
368.94713401817734	145.0	102.0	124.0	57.0	46.0	4767190.153848799	140.0	4006867.418498349	102737.25345221831	56921.90851132312	160967.4906371183
370.0259587503192	166.0	91.0	114.0	60.0	43.0	5580194.233769621	66.0	3836309.761334347	107758.716738797	61225.70141867495	163318.1463402498
373.0505151921988	142.0	116.0	112.0	68.0	36.0	5007471.093646583	53.0	3805987.751129198	100228.94112189116	54231.96025967965	157397.75063924683
375.6597081596945	166.0	104.0	110.0	59.0	35.0	5570986.642931372	114.0	3548248.311808105	96817.15551182229	51802.406131319265	145191.92425067656
370.87580525065243	168.0	108.0	104.0	51.0	43.0	5338395.760078667	89.0	3711925.761873872	95957.89688646626	55302.8187429821	153392.58796176963
373.64387374272144	155.0	112.0	116.0	60.0	31.0	5533722.690492665	61.0	3415161.945782792	94266.81622068907	50252.000327557646	142446.0336169643
371.1060642120932	166.0	105.0	92.0	70.0	41.0	5246710.697561318	64.0	3759829.328227235	97498.77268375685	63592.67481547112	154844.9285266446
377.51972835469485	167.0	79.0	133.0	59.0	36.0	4738885.955226754	52.0	3528801.8750358745	99641.72441673026	52962.68231528986	142786.51102163072
