# reward	DS0	DS1	DS2	DS3	_DS4	Rft	Casualty	Cost	Resilce	CarbnEm	Enbbd
401.44356417439025	194.0	118.0	117.0	31.0	14.0	3501547.77471806	15.0	2039065.8062393325	86145.79763988299	24376.347395295434	82440.36665416515
402.6780181209094	231.0	96.0	94.0	38.0	15.0	3518808.6240232396	20.0	2036855.9277555193	77969.94294896374	27584.704278877107	84419.81288366689
402.21169870810616	216.0	109.0	99.0	35.0	15.0	3495176.551242598	28.0	1847171.1054975803	79000.47399628306	25918.695318751707	77623.56607069811
399.95836174346414	216.0	108.0	93.0	38.0	19.0	3500930.7296329	43.0	2395827.877356531	77342.2314537767	34709.26797570372	97035.84236425358
405.5987727651777	210.0	116.0	106.0	29.0	13.0	3458128.851113688	21.0	1669759.5787779524	75159.99457581677	25567.862387256166	74193.8831613062
400.86352960816635	209.0	105.0	103.0	46.0	11.0	3533206.271981258	34.0	2280502.2236012337	79388.38179280405	30944.027980554518	98273.74984388653
401.86665269890113	213.0	107.0	97.0	45.0	12.0	3454365.0809356794	14.0	2116038.880563237	76976.40982864052	27105.174781827416	89487.11088589454
397.1118792202203	202.0	109.0	102.0	42.0	19.0	3575516.636516167	25.0	2377550.994549623	82762.5660832036	33784.036059537684	97877.14378486766
403.77564658358995	195.0	132.0	93.0	46.0	8.0	3543274.6171869063	10.0	1907324.4547285545	79045.46549144555	27037.57190324807	82025.36836227945
398.90208743145587	203.0	103.0	119.0	33.0	16.0	3430611.644193394	47.0	2198877.378467557	80665.11739831696	34802.837109166336	89928.34128617142
399.91774163446365	211.0	93.0	116.0	42.0	12.0	3460188.432832687	24.0	2087844.3377830647	82513.58917842802	30541.60599706327	86928.95090527172
404.0856640125164	210.0	116.0	100.0	36.0	12.0	3516327.2546520773	22.0	1981592.5177792807	78751.8399700243	27583.694439724502	84662.43834832148
403.2895731306391	200.0	126.0	94.0	41.0	13.0	3524613.2579835127	51.0	1908267.1512095644	76334.9935624536	28865.485264844436	79451.14140339605
402.7605847563808	202.0	117.0	109.0	31.0	15.0	3504165.282309223	11.0	1888407.296459895	76423.7435653143	25639.082596395572	83558.25221356869
399.99610880891123	197.0	110.0	116.0	36.0	15.0	3424728.076469604	35.0	2102089.231580226	80925.43927516894	33509.74390774957	91309.39845548905
402.98725708405675	209.0	125.0	95.0	32.0	13.0	3406014.3244576277	40.0	1989136.0199882877	78735.37910537112	32576.75064932468	84293.25296951173
405.98652476791233	223.0	106.0	107.0	26.0	12.0	3487802.5570053286	20.0	1807129.5162023306	75625.19522561581	21525.246158868373	75261.59273250756
401.17624191129056	193.0	126.0	106.0	35.0	14.0	3520269.468352456	23.0	2062418.538020046	78083.186380278	32332.57720802814	83856.6635643379
403.472686054747	210.0	111.0	113.0	24.0	16.0	3528104.04142637	21.0	2149439.747305149	78799.10368497344	25172.74391201923	87799.40263418145
401.63772562743543	210.0	101.0	107.0	47.0	9.0	3637390.2834000653	10.0	2169254.032508853	82025.67401903457	29598.988814214186	90121.1370011654
401.82754904705	199.0	115.0	109.0	38.0	13.0	3576098.5497209392	29.0	2141568.0281326678	77981.18792495616	35701.7611908484	90399.84345036861
401.4372348004066	192.0	118.0	116.0	38.0	10.0	3481299.297517748	33.0	1968897.4883632332	77803.72824889827	28970.42162140213	85583.69856854239
402.8213784377691	215.0	111.0	93.0	47.0	8.0	3515815.6524801473	9.0	1868252.8018328573	78378.33128655379	27862.795519381507	80191.7638714542
402.76867538748076	220.0	96.0	104.0	41.0	13.0	3439848.4925692696	13.0	1984166.1247517273	82058.60472473869	27674.383737280703	86514.10397644847
399.80344421805717	210.0	109.0	107.0	28.0	20.0	3437429.089941883	33.0	2351149.435742433	87222.54226129924	33417.5627683654	94096.21887208207
401.5761791764668	201.0	118.0	104.0	35.0	16.0	3489038.909246915	27.0	2163249.9304572754	75903.24219939468	29613.393077287434	89141.16010927323
403.4135123459627	214.0	113.0	95.0	40.0	12.0	3526041.6682436	22.0	2199391.7748704534	74963.91065237731	29864.02611401255	92205.14739380332
405.2622098750941	215.0	120.0	94.0	32.0	13.0	3500094.630361759	27.0	2094943.1700587478	73508.30509598364	27756.839772744293	92199.31778401372
404.48282331739813	201.0	110.0	123.0	33.0	7.0	3523089.572188009	16.0	1555504.2697353866	77338.38802132243	21597.99010684858	68410.65089394432
401.98962284868264	179.0	130.0	119.0	34.0	12.0	3407894.983568865	30.0	2041557.9621993261	79482.7401418098	35108.27781415746	83659.42963873089
403.8884699152759	212.0	118.0	97.0	36.0	11.0	3482136.356907324	21.0	1880531.6849744401	73533.39507328787	24617.56347384202	77402.29678903508
402.4485467249466	208.0	117.0	99.0	34.0	16.0	3473413.0419459995	29.0	1842697.7572777644	77093.04750541414	25845.905839770785	78322.13287138788
403.9882592066226	190.0	121.0	120.0	35.0	8.0	3458474.1100822585	25.0	1779808.150740936	74199.47438323137	23062.104820433364	76961.536324232
401.40704317905625	230.0	109.0	78.0	35.0	22.0	3444381.332144465	35.0	2306211.160329915	74743.28580482566	33707.281950915734	98386.80549795296
405.49677039163566	215.0	117.0	96.0	34.0	12.0	3462017.395542734	26.0	1847370.7160374746	70027.34596600152	20541.00175073969	74098.98736219533
398.8720703024422	207.0	111.0	95.0	43.0	18.0	3524115.5503265928	31.0	2440034.2789718984	79084.73725977799	33525.66635605517	100836.54985542013
405.4799766398776	224.0	100.0	103.0	36.0	11.0	3463202.122160706	12.0	1810091.7268917796	75876.25757252602	23262.69254845636	79473.03465939935
405.6357759726292	212.0	113.0	108.0	32.0	9.0	3460621.6197248437	21.0	1639953.7168433727	74104.28534862833	23823.72258920771	70455.93352809428
400.00911556448034	201.0	97.0	129.0	35.0	12.0	3571720.224986838	34.0	2109927.749475031	83442.06385490148	31324.17921347598	86732.33787484773
401.16341721887	221.0	115.0	83.0	37.0	18.0	3484320.6540636644	20.0	2082678.4346317356	76963.98074023411	35163.60760017799	85185.65528937557
402.4534546539341	210.0	107.0	107.0	38.0	12.0	3474582.956991663	12.0	2111706.4883334814	80931.31526932803	33727.1073767752	87274.15689595684
401.78816913093635	197.0	117.0	107.0	45.0	8.0	3510723.756946075	24.0	2064369.2435639487	74875.08545677879	31350.5735849698	85145.93886240345
403.5631028837385	204.0	125.0	99.0	39.0	7.0	3515524.5581626687	28.0	1927649.2952075347	75660.13800300926	25002.240472382593	79441.12760125005
401.93938546478404	212.0	106.0	109.0	34.0	13.0	3544994.989226673	23.0	2115360.4957857914	80838.49997042168	29669.17856081277	85001.05426690643
402.31637457182694	208.0	112.0	101.0	38.0	15.0	3507954.3909501433	39.0	2074446.0420381746	78084.47649688838	29727.73969098817	84214.18385351889
400.37350825822386	209.0	108.0	105.0	36.0	16.0	3562335.8975674035	30.0	2218753.2994097997	78833.91953167124	31506.56382109774	95474.54374638585
404.0008770894318	201.0	117.0	110.0	36.0	10.0	3447584.345043106	22.0	1773069.5693010339	78424.99113074795	23886.409836799532	74945.15425305902
401.0805533834855	212.0	109.0	98.0	42.0	13.0	3474196.1148782624	50.0	2312903.0912661897	77428.18811675446	35509.408233278096	96980.17134753795
403.9706196987173	224.0	103.0	104.0	30.0	13.0	3541408.729277382	12.0	1995995.5921957337	80064.62557352343	26244.220800576735	80602.64856642156
403.36793143643524	205.0	93.0	131.0	39.0	6.0	3492200.4180525905	15.0	1820760.9730541355	78016.46981883183	24061.718452146248	78332.02686315002
404.70234269557454	213.0	114.0	100.0	36.0	11.0	3426751.7979126954	35.0	1880575.3182850054	72688.96285456979	28284.826340041094	76258.32793966001
399.24520006016894	192.0	113.0	115.0	38.0	16.0	3473943.321505839	25.0	2304146.441467911	81252.40469787279	36156.34950034677	97359.05972263784
403.34458000374707	209.0	114.0	92.0	51.0	8.0	3485401.9013205417	10.0	1892806.919978757	76349.91015545148	25433.479562061177	79358.8573279767
403.12947754289075	223.0	110.0	99.0	28.0	14.0	3545504.4615299804	34.0	1713815.2299823605	78836.59393162097	28541.856173497374	72894.49932880703
401.6397743699925	215.0	98.0	103.0	45.0	13.0	3499282.2746897014	11.0	2136070.3471219586	77058.37689938053	33194.05371856183	90100.04094567736
399.29444598954876	210.0	102.0	98.0	49.0	15.0	3454720.3438446308	23.0	2154768.2788242595	79814.62226707424	30889.056461164404	93504.1376046243
408.12920554865605	222.0	110.0	106.0	25.0	11.0	3424631.3847876117	30.0	1606194.2686595507	71140.73267476683	23508.945083887105	70498.48074346344
401.66084348130784	222.0	109.0	92.0	37.0	14.0	3467141.4723751447	30.0	1993196.3318429673	75855.96872650695	33341.797926642714	85669.58672291625
401.66004622910657	208.0	114.0	94.0	42.0	16.0	3468928.3237644252	46.0	2417179.857597607	79165.057675076	35559.13813097257	98470.63560411113
406.70356883174827	215.0	111.0	109.0	30.0	9.0	3457502.651589756	28.0	1584701.148428834	71347.95117801179	22239.271268232937	72290.03901957773
401.736402665323	205.0	115.0	101.0	39.0	14.0	3478768.2986566285	25.0	2037547.6429761937	76874.33500151243	27761.495980522617	83155.1317155999
401.605844281194	196.0	109.0	116.0	40.0	13.0	3482400.805292789	38.0	2067401.5057827223	78262.5216757896	30525.47484654635	86288.18235152832
402.29371512295904	206.0	106.0	112.0	36.0	14.0	3439139.964500051	32.0	2087363.6137815954	78449.7189605135	29586.467105739743	88375.47327614977
403.2786776751515	187.0	129.0	111.0	42.0	5.0	3530264.539384365	3.0	1839630.6455433164	80473.02270213969	24877.573956491025	78127.71167158234
399.0082260452415	205.0	110.0	107.0	40.0	12.0	3482803.578596888	25.0	2270304.022237803	80820.24520766278	33694.78047914014	96508.75428096516
402.04084484101554	214.0	103.0	108.0	36.0	13.0	3522536.6406549737	27.0	1944930.1167416126	77660.92658060939	29641.801140217773	84743.54117562201
400.3733106884548	211.0	100.0	109.0	38.0	16.0	3424779.316956944	41.0	2188565.931634462	80026.20282525253	32567.35858596466	91952.7891094947
405.35177975927445	215.0	107.0	111.0	32.0	9.0	3448347.005496345	46.0	1674526.2640765775	73448.62059286564	30894.206691806492	72036.81826990918
403.26218410152717	210.0	110.0	101.0	43.0	10.0	3520389.504152702	13.0	2022082.9557396977	79556.77562413382	28221.882534572578	82092.24314586382
399.3459805936741	195.0	113.0	107.0	46.0	13.0	3404242.327554937	26.0	2092596.9968791865	80443.09535916905	32945.5423447566	90568.3584009315
400.72338434707467	216.0	96.0	114.0	32.0	16.0	3515661.507948264	39.0	2215552.1985188434	76169.13837121929	32765.671121881667	89661.15534659814
400.44750794142	204.0	107.0	112.0	32.0	19.0	3525606.388643642	31.0	2316601.07611769	79602.81874476356	29078.62680062726	94941.25886129435
398.42730329965184	207.0	104.0	103.0	43.0	17.0	3408288.5256102188	27.0	2248769.065564939	76556.65305520067	31308.804256005777	94660.23197250415
404.9061401226922	215.0	123.0	91.0	27.0	18.0	3472293.693606505	15.0	2042288.858914183	73050.47153179994	27561.632213751458	88713.93087592689
402.0327206403145	205.0	112.0	101.0	42.0	14.0	3569535.953122168	21.0	2248826.016356731	80207.59353138378	32781.42250782902	91821.82316121878
404.59126652924266	218.0	112.0	97.0	38.0	9.0	3426670.3482401646	14.0	1732312.603890228	75383.55287495772	23874.422895867527	74177.91006570662
401.32598246927824	223.0	93.0	107.0	37.0	14.0	3485757.4415254607	26.0	1968438.2796197922	77931.36952364084	33269.469244016	83478.69754736367
405.0451879984532	214.0	112.0	102.0	37.0	9.0	3421928.1381138638	20.0	1814937.819043043	75873.99171550984	26316.970309760407	73835.32376259472
394.13370045274985	175.0	125.0	111.0	41.0	22.0	3498837.600946904	36.0	2610010.977384534	87524.8247570116	38768.09015808931	105566.4687555483
399.4414466443959	197.0	123.0	98.0	37.0	19.0	3529109.0273049157	19.0	2428393.6483540516	82955.90970688162	36352.30370096705	100966.20887288613
402.7986291694859	218.0	116.0	92.0	35.0	13.0	3542015.6465507057	45.0	2028217.9937905597	73437.9734092301	28185.597459671935	81191.42268584736
403.41053555145425	223.0	118.0	80.0	37.0	16.0	3504753.0926411506	29.0	1930057.2431971587	74836.29295614426	28777.78170682452	81526.27658291135
400.50382608304574	195.0	102.0	119.0	50.0	8.0	3470550.312638027	12.0	1967684.4432659834	75617.20070557999	27323.38109269828	84329.88683516611
403.4845946013901	220.0	97.0	107.0	36.0	14.0	3506352.478575961	15.0	2212003.239911969	76628.5160672236	29934.34142040857	88877.09392376382
403.29260015665295	210.0	113.0	97.0	45.0	9.0	3444759.21136976	20.0	1823318.6082223142	76888.45373436267	31339.3297242866	78072.90388405437
405.15296261916296	227.0	109.0	89.0	36.0	13.0	3470695.7031136374	16.0	1891197.9481651983	73825.68078364557	26427.107040049767	81292.85266918127
403.17868531630074	213.0	106.0	106.0	35.0	14.0	3457911.8298821053	11.0	2037657.8923017865	75703.12659909193	31994.04138870632	83295.5297272254
397.12974598071526	214.0	106.0	91.0	44.0	19.0	3542803.8499377705	77.0	2251333.8150645993	78338.00399758486	38868.480545856466	96222.3850443663
404.36529393156064	217.0	114.0	92.0	42.0	9.0	3544641.312482292	6.0	1909076.3330218452	80100.74929166108	27743.321738140177	79560.8540377658
396.19260804657506	189.0	115.0	108.0	49.0	13.0	3503715.3001552476	23.0	2195987.5346143236	89563.05608028156	32974.52294080487	93350.65980604639
403.7793943644755	195.0	129.0	104.0	33.0	13.0	3541095.490296796	28.0	1997169.5539808946	74536.19666690537	33480.761212056255	81439.53556121571
406.9850013357251	219.0	101.0	113.0	30.0	11.0	3528473.1800514692	23.0	1884804.1329325403	75844.96133295754	24945.97056769512	77000.09738571622
400.92295637322354	201.0	118.0	98.0	46.0	11.0	3525598.0721032843	6.0	1967588.9719318477	80494.11308657334	28349.42046569632	83239.77068885973
405.39360193640005	199.0	124.0	106.0	35.0	10.0	3491940.1610119115	35.0	1829567.725076877	75168.13317413723	22978.138544412104	74648.17129682744
404.77363444072336	213.0	96.0	117.0	41.0	7.0	3492037.9781996906	9.0	2004295.7945725317	75399.00009493109	24644.510667981813	82111.29765107829
403.9220654864483	220.0	105.0	103.0	37.0	9.0	3587545.090606358	13.0	1629137.2130821585	73443.05875483205	33654.425904310185	71215.61063473008
403.5580796088593	206.0	124.0	95.0	35.0	14.0	3418766.7312106597	18.0	1987391.7522274216	74510.43301001955	24443.40351132182	83212.90588851413
401.0092138694152	201.0	114.0	110.0	36.0	13.0	3447466.2883628756	9.0	2018804.2717892102	80027.41867529739	28080.08565177011	83557.63285733433
408.0801305099993	235.0	103.0	98.0	29.0	9.0	3493351.115109099	14.0	1555296.315814026	69088.02716405154	24506.012067953325	66611.52928753945
406.9398542990698	222.0	116.0	94.0	30.0	12.0	3504620.3069884786	19.0	1642653.4455232248	72487.95538757881	22319.58260692376	66114.15172611488
399.1936046509279	195.0	116.0	113.0	34.0	16.0	3506694.451657381	18.0	2012836.1028398587	81001.39723719808	26742.162580506643	84663.42967024453
405.9789265585856	201.0	132.0	105.0	21.0	15.0	3507342.2298471187	25.0	1633658.1453415775	76500.57944304467	20196.798978686304	71054.46427816206
406.044768424827	222.0	119.0	91.0	29.0	13.0	3446224.1736285724	21.0	1785201.366105557	75272.28051615876	25993.284651291688	73563.59677504508
397.52892527633236	194.0	119.0	110.0	34.0	17.0	3486691.7817242043	44.0	2315492.3623370305	82441.5998537069	31629.144572715013	95749.71811690749
397.79371527842625	205.0	115.0	93.0	40.0	21.0	3435359.7012542067	39.0	2338191.556385285	80529.12247485577	37005.898106628054	100296.97175215434
406.08456770134546	213.0	124.0	98.0	27.0	12.0	3463508.313993103	54.0	1783780.831960572	72412.7982711562	22903.541921419626	75704.2335775781
397.5343955253762	190.0	119.0	103.0	45.0	17.0	3428810.4318462927	28.0	2439966.5052302415	84458.03536149456	35139.56761305443	101153.79137014598
406.5188899280038	216.0	120.0	102.0	24.0	12.0	3454974.146702313	16.0	1677005.1085541435	71731.39353677793	26885.563280028735	70822.3362626393
402.7452843268036	219.0	112.0	95.0	37.0	11.0	3469983.637055369	25.0	1763160.5700112698	79498.31558022727	27458.77746441141	77756.91294175731
403.30132194022224	194.0	134.0	98.0	37.0	11.0	3568640.8886514455	39.0	1923750.6929716228	78807.49502706961	27633.226173075247	80451.96605934257
400.62387937917777	219.0	98.0	105.0	38.0	14.0	3427225.139978	35.0	2050148.0291507645	79095.61093388159	35308.89759776406	89027.11656303509
400.8816554589252	211.0	108.0	100.0	43.0	12.0	3475429.630920466	16.0	1964837.4902248506	78357.83491547366	31156.76271567047	88575.93453113106
403.27219477661544	207.0	112.0	105.0	39.0	11.0	3518740.57592226	15.0	2170093.0599569734	77413.34979578582	26645.185656649704	85869.75619847092
400.55479807112727	206.0	101.0	112.0	41.0	14.0	3456686.479582948	12.0	2333109.6951547097	77012.31252996938	39054.386173763705	98934.300639039
403.2601847398549	195.0	132.0	95.0	42.0	10.0	3503080.608620275	8.0	2018955.390540222	79092.03409066374	25575.208790999593	79605.23056595793
403.0104829390798	204.0	115.0	107.0	35.0	13.0	3457240.328196874	14.0	1746166.726271276	75454.00087730249	29341.149795967813	77431.45176155903
404.153452632777	217.0	108.0	98.0	41.0	10.0	3469293.0447925227	14.0	1913881.1479935893	74610.63314270927	30221.131012653947	77408.82318401642
404.5643707549519	201.0	131.0	97.0	34.0	11.0	3450637.374237311	7.0	1870186.26297187	77213.14807451177	26985.671558688548	77374.86521061705
399.7897847428328	198.0	120.0	101.0	38.0	17.0	3483704.1767243072	46.0	2301054.8641969957	79125.98411749501	44158.66801845358	92746.75091798854
404.6859868180469	200.0	128.0	106.0	31.0	9.0	3475956.8780917213	15.0	1618443.0186739983	74295.14641997976	21765.995702504242	67705.86457520939
402.91547980912935	219.0	115.0	85.0	40.0	15.0	3511853.698834251	15.0	1995275.5640811282	75608.422352891	30496.33247318293	83573.90322342327
403.2629932957666	212.0	112.0	100.0	37.0	13.0	3448740.9308309313	12.0	1810415.9603531284	77349.41427923972	25263.941066931042	73317.77148945331
401.8149527598739	207.0	100.0	121.0	34.0	12.0	3566304.6242495812	15.0	2046290.1305510546	77776.97811706709	30169.557558198816	87710.59717834549
398.02424286816495	205.0	116.0	92.0	43.0	18.0	3506294.8221855927	16.0	2341912.7857670956	82587.32984265844	32089.512375399536	94544.74646292857
407.224666112683	223.0	109.0	100.0	35.0	7.0	3459963.3271411774	4.0	1586035.139815703	73652.97807614127	18903.87275228755	66406.50772150414
403.0813225709528	204.0	123.0	98.0	40.0	9.0	3397766.110324146	37.0	1847168.1879343484	77321.4736766992	26348.46470129041	78665.60823528974
401.6708449261157	203.0	99.0	117.0	44.0	11.0	3514356.882058732	17.0	2009747.8373921767	81237.12128938726	26756.64858186061	84996.49816731385
402.8227471330499	201.0	120.0	110.0	31.0	12.0	3534783.6359999035	20.0	1954398.140967194	82237.05397614879	28771.321121044242	84280.31621488206
402.0964804611219	203.0	94.0	123.0	43.0	11.0	3470156.7029790264	31.0	2166816.17656261	81080.17731107179	36624.08814522546	89971.0332586508
398.72916999505736	209.0	102.0	108.0	38.0	17.0	3480154.6778082927	44.0	2309466.8438774515	86416.26231994662	32296.67021585132	99999.7417078149
401.5919825504558	189.0	123.0	118.0	32.0	12.0	3519881.57783279	25.0	2038015.5127208224	81587.77231777992	30826.237871990867	81447.78719762275
402.00873065324885	214.0	117.0	94.0	31.0	18.0	3488960.2189782974	33.0	1987069.353489678	78047.14671614487	26973.916013712907	83417.02438024204
402.79869787914424	198.0	128.0	91.0	47.0	10.0	3464670.237168609	13.0	2083709.2438372883	78373.28617298484	28317.52528310195	87562.9982129207
400.61317224936073	200.0	112.0	116.0	30.0	16.0	3560607.741606365	28.0	2186953.463016633	82470.39804353868	30833.91440572036	89086.58190270465
402.77697842929484	211.0	108.0	106.0	36.0	13.0	3488598.6763959536	42.0	2025373.871778636	73738.65173841943	27476.557192568394	83136.68646138461
396.7805730587181	195.0	114.0	104.0	40.0	21.0	3589065.5001883022	71.0	2125205.28147816	84913.96935480989	34271.85508894661	91438.31742060257
403.40987307026114	221.0	98.0	109.0	35.0	11.0	3504083.151770602	26.0	1844464.485566908	76306.18525424038	26168.585406586728	77529.97405352825
401.2770298344963	201.0	111.0	108.0	40.0	14.0	3472859.290645773	27.0	2103269.613963967	79114.81632485037	28601.96531136799	88484.60315885875
401.22335085425806	212.0	112.0	102.0	36.0	12.0	3492045.785005061	21.0	1993556.4739857833	74800.10243522	31514.177119720818	87082.66942906869
403.35601850809655	219.0	120.0	78.0	44.0	13.0	3443688.73509359	23.0	1865082.6371687565	77091.63559047332	26466.942808414362	80612.51140943366
402.03608839109046	198.0	114.0	106.0	47.0	9.0	3450304.5287968623	39.0	2090437.6418393594	78210.71909429586	28961.508851649924	85264.41041778469
404.51519448013096	199.0	115.0	111.0	38.0	11.0	3417115.8656427613	10.0	1887749.3308623806	72646.41052331362	26099.31656804948	80507.97571937751
399.6329588272253	207.0	101.0	116.0	33.0	17.0	3509996.820520213	50.0	2200609.5498299254	80835.25688296958	30399.689672099266	88880.97415312797
399.37738554107216	201.0	101.0	118.0	41.0	13.0	3497017.908263848	13.0	2117060.569729247	82111.91481902343	29867.97079727671	86917.99700426964
402.3258958408001	212.0	112.0	100.0	35.0	15.0	3462121.606402158	40.0	1961334.5667341324	79248.68200349383	29276.94873548437	84772.18953404561
403.8388981368978	211.0	111.0	91.0	49.0	12.0	3456844.270497301	16.0	1965527.957688081	74737.84775560853	27850.42869048564	85467.9419033103
399.5102442597612	201.0	120.0	98.0	40.0	15.0	3390867.366301966	23.0	2060141.717039301	78169.66818778944	29468.44100663284	85038.00060652962
404.9602888934715	224.0	107.0	101.0	30.0	12.0	3511441.765704932	21.0	1735499.5295659495	73433.73385552499	25074.990967925674	72620.56802395152
406.0666768091065	217.0	115.0	97.0	34.0	11.0	3428164.0597807956	28.0	1919044.1358281905	69379.54642711535	26677.186873729603	80454.1766668974
399.4495833816396	206.0	105.0	95.0	55.0	13.0	3472102.1757458523	18.0	2391351.8395705028	79322.50422198292	34650.174572984455	97870.67509124652
404.491599652854	207.0	118.0	101.0	39.0	9.0	3510809.4801138937	8.0	1743282.1507381038	75128.47914193748	29741.806164213518	78698.05513564566
401.3264133656484	197.0	123.0	101.0	39.0	14.0	3503607.1731389533	18.0	1998130.4949984683	77420.52619264701	28425.026418855035	84824.53515120881
404.23880594007784	210.0	118.0	99.0	35.0	12.0	3469820.684330969	15.0	1705222.9834713235	71749.39025800455	27985.75282564098	74831.59788916077
401.6031106160788	194.0	110.0	117.0	43.0	10.0	3588078.1928994413	18.0	2421920.867310873	76914.60049535592	27479.280653874237	95700.3462124277
403.7995652525942	214.0	97.0	118.0	37.0	8.0	3441653.4675510656	11.0	1891171.8374362956	74487.82794708411	25829.68144816322	77511.27600986944
406.2572565940884	213.0	110.0	113.0	29.0	9.0	3491712.7032503015	25.0	1773039.1042638556	74978.81257210049	24112.152469366374	76793.02606830212
402.7318818159987	211.0	94.0	119.0	40.0	10.0	3462594.463675268	16.0	1943424.389963817	78137.30337196577	29561.82328115885	81843.56644161271
404.06722557412775	209.0	110.0	115.0	28.0	12.0	3462386.80924834	29.0	2038609.0182891418	75830.59417622845	24799.1369715241	82647.46763977947
396.68852050547264	216.0	111.0	83.0	41.0	23.0	3437316.3578820257	30.0	2298462.879668841	83494.54601074265	38343.47603540242	94713.26789079374
402.92075941632817	224.0	103.0	102.0	31.0	14.0	3556735.5990268774	16.0	1812718.1494597443	79148.82085038899	24272.030686391245	77897.8282730761
396.8787150308666	197.0	121.0	101.0	37.0	18.0	3547016.1306073144	48.0	2312838.6040506754	86856.00894706354	31483.143764365686	97340.03091202707
405.38311146285014	206.0	113.0	119.0	26.0	10.0	3501464.789687638	20.0	1797044.1455070707	75489.03914914458	22102.831747083826	72187.74932119313
397.74935077201826	191.0	114.0	118.0	34.0	17.0	3587668.1302921036	20.0	2302051.6616218016	82807.4988041155	30075.96411085258	92410.24174078164
399.7049007627958	200.0	127.0	93.0	38.0	16.0	3479236.475087776	26.0	2248053.1926934407	80237.9810100724	34623.25588457046	92159.92451295917
403.4845851018106	200.0	127.0	102.0	34.0	11.0	3373460.5420208825	20.0	1970072.0762799624	78918.55989693507	27439.01541221863	86490.76084491612
399.6110479020209	202.0	111.0	102.0	43.0	16.0	3577027.669365053	33.0	2114962.2242068546	78094.96139050764	29198.56150890121	88672.94894068911
400.9280618282796	199.0	129.0	96.0	34.0	16.0	3520533.0031144787	45.0	2100858.0793088907	79279.33927005492	34070.63173844987	88582.51581813401
400.3121720077062	210.0	109.0	100.0	37.0	18.0	3464142.75535842	45.0	2476609.0970232314	78031.97259272754	40757.038773940876	103057.61779340036
403.8843052807824	205.0	115.0	104.0	39.0	11.0	3413442.3809611057	13.0	1866602.242845699	75110.68334306765	26257.93618339989	76951.94887573588
401.3802405067282	209.0	112.0	100.0	40.0	13.0	3537100.4242619323	43.0	2022483.2269044349	82352.85865604435	26202.17252726207	84168.85276457306
406.497088488678	223.0	110.0	99.0	35.0	7.0	3488743.383079517	18.0	1490444.776476591	75708.11887240733	21385.18033227513	65327.387347798045
404.6621993614794	217.0	111.0	101.0	32.0	13.0	3425591.8097301302	15.0	1771722.6097088454	73406.34178656666	27420.28337225585	75065.4781290562
406.82750499713984	217.0	107.0	104.0	39.0	7.0	3445929.1165824616	20.0	1831092.1959410864	71002.68915532192	22653.372975909082	78805.68113367251
401.9386029829742	202.0	120.0	99.0	40.0	13.0	3513952.9958780133	15.0	1994368.9855694706	76791.20713913419	29838.393513204086	82948.3268413608
401.03714667401243	212.0	98.0	99.0	54.0	11.0	3445156.9488603473	10.0	2100243.891979508	82594.47335835444	26718.68733474428	89141.02418151368
400.1639332189727	206.0	99.0	108.0	48.0	13.0	3525095.0997640565	32.0	2218652.4701957	82022.3003990858	32497.879565514253	90609.25888762897
402.75339348630536	220.0	113.0	85.0	44.0	12.0	3499673.896545583	23.0	2266114.7956115725	77085.7586018346	34190.27856772196	93583.99174386359
404.45813749464065	213.0	109.0	102.0	40.0	10.0	3485480.073059767	19.0	1882066.0087540632	78356.19602143293	26847.1768701554	80536.5763490363
402.8902681363405	226.0	114.0	84.0	38.0	12.0	3478494.558161755	19.0	1982726.7336377178	75371.25210265265	34151.366119892795	82751.27294159232
407.04070347040783	213.0	125.0	93.0	32.0	11.0	3463632.4831957608	11.0	1869567.0968982563	72255.89488610551	25158.079993352476	75861.30915724329
401.1085105678077	201.0	114.0	105.0	39.0	15.0	3625957.4160479843	35.0	2266805.2571855104	78113.09240378582	28176.110397907098	90308.22917761144
403.1387879149243	205.0	123.0	98.0	35.0	13.0	3482882.8982163467	14.0	1951436.9226304016	76124.94108641695	30568.543493723817	82902.37894091554
405.5167991410772	204.0	123.0	106.0	32.0	9.0	3620542.773603438	15.0	1789278.6474242376	76626.6058765501	27407.752674406027	74321.27701135565
407.20395105731467	214.0	118.0	104.0	28.0	10.0	3575268.6037345543	8.0	1794204.598100379	72204.15567397547	26231.072320094034	79157.93544915164
401.72279046368044	204.0	111.0	113.0	33.0	13.0	3570740.9175595557	19.0	2079853.8339311099	78572.53685167909	24948.15660665569	83500.8599615217
408.244841512067	229.0	112.0	94.0	32.0	7.0	3497161.3586516953	8.0	1536709.2005938925	70949.26181432829	19652.36734795943	68089.66987794818
396.2752312749708	214.0	92.0	102.0	47.0	19.0	3451046.6868849583	24.0	2420374.530826432	84690.42572513214	38376.1094787563	99451.3399110963
403.9698655830248	228.0	111.0	81.0	41.0	13.0	3509138.9178989977	26.0	2046808.328845555	75959.41002798633	28032.903925541697	84703.34274330741
398.4393881281693	203.0	107.0	106.0	41.0	17.0	3494637.0366057213	55.0	2292278.267256268	79066.90455836334	36374.5103227776	99696.85579630348
405.0858341117825	200.0	119.0	105.0	38.0	12.0	3661811.8470302494	25.0	2107121.9817281254	74283.82260644861	32441.660157581682	90671.52820222893
400.41744490290654	197.0	116.0	106.0	40.0	15.0	3445085.325043397	45.0	1956465.8045310345	81936.47948700839	32594.397372154453	81517.25416813625
401.6341774200014	211.0	105.0	111.0	32.0	15.0	3550807.012299178	43.0	1864639.9960640224	80330.47655743077	25147.567074125036	78537.51634628288
403.8105650077672	204.0	122.0	101.0	36.0	11.0	3465764.303347824	16.0	1974221.6043402853	77846.74155539123	27210.19912298242	82092.2467759249
405.6608089453884	203.0	125.0	105.0	32.0	9.0	3410118.5035187905	19.0	1584667.011039686	73991.60514826601	20844.01160907936	65957.97428603025
406.36473556890303	211.0	123.0	97.0	34.0	9.0	3480596.350436005	11.0	1750995.824840647	75782.27394016925	23171.066382036915	75577.62617073685
404.8284807546655	213.0	112.0	111.0	28.0	10.0	3455605.188523552	12.0	1839277.5945655156	77346.56969464304	25668.21620052484	74834.31747054658
399.42559634234726	207.0	109.0	102.0	38.0	18.0	3504187.2092843414	43.0	2115178.1436684406	84137.3373889559	31432.562353509842	91403.75560716087
401.69815841775164	217.0	100.0	110.0	31.0	16.0	3418137.363785167	25.0	2156774.004071885	79907.6768429688	27977.098610947778	90434.66238818552
400.75196598576775	218.0	104.0	101.0	34.0	17.0	3460315.876497585	41.0	2140823.6166302795	79378.36387950488	31113.84223114712	88415.58602884859
405.1140030524796	217.0	112.0	103.0	30.0	12.0	3494700.822441387	35.0	1870036.573825412	77648.20805299075	27226.27612166005	80359.18084225705
400.5575342941024	197.0	116.0	112.0	31.0	18.0	3405182.015721216	41.0	2283818.0614461494	76489.42075820453	33600.24468772292	92031.33564129888
403.68692508913114	198.0	132.0	98.0	35.0	11.0	3467053.872197939	31.0	1747025.261511051	79733.2680486608	25301.767882149936	77636.23166647338
400.5878751484603	218.0	99.0	103.0	39.0	15.0	3462262.2690890655	26.0	2260239.9593541254	78418.45451660326	32037.327110065064	93656.42512015387
403.78237114675414	205.0	105.0	120.0	34.0	10.0	3482384.3580743605	12.0	1752398.4055392777	77769.34988544273	25660.588208396835	72131.49885413918
405.90848633930483	216.0	108.0	110.0	30.0	10.0	3576765.0870383177	37.0	1957704.3598945686	71481.94436062427	31108.039765371628	80590.48900377692
402.7006526596053	214.0	110.0	96.0	39.0	15.0	3552805.0144010475	39.0	2119063.831629343	78325.0786164231	25625.236233708805	84903.85768097112
403.23704348819433	213.0	102.0	112.0	34.0	13.0	3509029.193623185	13.0	2026274.949094683	75918.70637050219	31437.93954737855	84961.67079352401
402.83133945920713	199.0	124.0	105.0	32.0	14.0	3543743.268751817	29.0	2055764.5288731754	77259.43468950069	27023.04203894586	87011.8792463011
398.89998459011315	203.0	113.0	96.0	44.0	18.0	3483594.245588594	32.0	2295928.1581554636	85638.20376558832	30543.503490429808	96395.45675834132
404.49144123138507	223.0	99.0	108.0	34.0	10.0	3530393.376507333	15.0	1830484.1518864348	78726.70307356035	28076.17841217151	74830.28292016534
400.5924935128212	190.0	122.0	115.0	31.0	16.0	3428582.727955698	42.0	1938956.7705889912	79364.87001182488	25279.614928884206	82470.770193972
400.4772397164901	206.0	112.0	104.0	36.0	16.0	3466228.515686691	19.0	2339408.1023638616	73843.97994929441	32873.00287770451	97897.80490777614
401.75023572782595	199.0	112.0	108.0	41.0	14.0	3483120.0297596706	33.0	2038939.8057306814	75733.79438673148	26694.940177622455	82310.84537627507
397.6583400956706	199.0	96.0	124.0	36.0	19.0	3532372.3249752903	30.0	2177676.8174379827	81002.52004061028	29301.79142378304	93102.47982051797
403.51900359911866	215.0	116.0	95.0	34.0	14.0	3504352.128033377	20.0	1871947.2001610128	74812.89094264932	28770.56265029528	77712.07351384274
401.93778222252934	212.0	112.0	99.0	36.0	15.0	3447612.040591258	21.0	2141444.682995979	79600.11131208956	31528.732280263648	88370.90941124316
402.00282779536656	213.0	105.0	109.0	32.0	15.0	3480051.1451905104	26.0	2186161.526233173	76738.1335174703	27582.821365768184	89909.08152722943
400.26319508575983	198.0	112.0	108.0	46.0	10.0	3395053.8788715047	20.0	1997227.3668127065	81158.69472257466	29779.97886680549	85549.10694719423
400.773025119604	210.0	103.0	109.0	37.0	15.0	3526335.9698973573	16.0	1774058.8838731456	79409.32557438893	28260.85997317434	77136.43805554522
403.4304274538009	195.0	129.0	101.0	36.0	13.0	3498850.494270601	12.0	2116513.101563195	74196.49755487787	31854.63901480043	88438.25405237585
402.51783996818017	222.0	98.0	103.0	38.0	13.0	3428029.9489561357	32.0	1981925.974347284	78079.08610956537	26163.278873513013	83261.84694895524
401.43084289319256	223.0	103.0	93.0	37.0	18.0	3459055.648842884	25.0	2061167.6767390152	77212.40327099532	37022.96309441712	85157.13460222736
406.76734686860266	230.0	104.0	88.0	42.0	10.0	3541303.1034607613	21.0	1754096.7056199878	71896.16252541266	22124.454194138325	74534.0733663087
404.5179154934875	222.0	111.0	100.0	28.0	13.0	3457751.507734634	10.0	1714017.8908158082	75885.4719438891	23645.252989097025	72894.0559891708
404.273588293482	222.0	110.0	96.0	36.0	10.0	3500594.769940326	19.0	1791677.1810794037	73803.63154529163	26887.568688082967	78510.49230131085
399.17508066481065	208.0	101.0	108.0	41.0	16.0	3445051.3302910766	32.0	2386361.450460045	81101.93803488703	32684.376429763055	96148.85756938955
402.76771225200434	197.0	127.0	100.0	36.0	14.0	3546844.0273350263	35.0	2031693.964808368	76382.31260363419	31401.298838160976	85047.82240196495
400.38578562256134	180.0	128.0	113.0	40.0	13.0	3470769.5926366495	9.0	2103876.049169273	79486.74141040053	28967.024840865444	86901.8920372687
405.438225650213	207.0	125.0	98.0	37.0	7.0	3560598.637789957	18.0	1772879.8844572906	72223.89865599625	23745.252318144667	75596.4026005046
404.68649252899695	220.0	116.0	92.0	33.0	13.0	3465585.458813281	35.0	1696115.7829402294	76062.62966599218	26805.952258361587	74629.93102238914
402.9352474069174	191.0	133.0	104.0	35.0	11.0	3510172.7654894674	23.0	1897269.6734996093	74537.50652954988	24366.161959962268	82802.49759043996
406.494111212937	211.0	112.0	104.0	44.0	3.0	3527354.298182368	1.0	1567934.9753203944	74528.18405999814	20505.602664727117	66092.55743774863
400.41131595206025	220.0	103.0	97.0	39.0	15.0	3429433.022113992	22.0	2019093.8524023693	77380.38553929173	30963.822410894587	89891.07035928532
404.2483631731457	210.0	122.0	94.0	36.0	12.0	3434409.389972394	18.0	1856412.7158320048	75597.81936791618	25681.047167458906	75779.1875114938
401.71048349883205	207.0	116.0	107.0	31.0	13.0	3489748.423707971	50.0	1967080.8441892804	79401.75812737524	26347.46066943567	79306.41629602258
399.4361592078126	196.0	115.0	112.0	35.0	16.0	3494415.886758181	15.0	2218397.774477689	79028.57235495755	29171.437342209145	95141.53944378172
402.00664556116595	207.0	120.0	98.0	35.0	14.0	3461199.830661216	19.0	1794574.7055445896	78420.93010834657	28852.066227407377	77906.18314727288
399.7522287181573	200.0	110.0	107.0	43.0	14.0	3646574.7300365614	36.0	2360059.7839396754	80106.89959287974	30433.265797909917	95738.48127792306
402.0687771063075	224.0	99.0	100.0	35.0	16.0	3518950.909505238	28.0	2102032.4576034257	76734.66223745715	28454.23498857238	86567.19795843001
401.8695476935956	211.0	111.0	97.0	42.0	13.0	3476002.8002252467	19.0	1991545.3950021667	78674.53316358494	27533.257062591932	82662.34802139124
405.69471865564617	220.0	109.0	110.0	21.0	14.0	3495783.916460843	26.0	1822124.1112307073	76102.8276056294	24224.2091694251	73240.6545852584
397.8436837584717	197.0	102.0	114.0	44.0	17.0	3470476.7717040265	35.0	2375953.49646107	81408.59973387005	31656.558335273483	97349.94831496492
408.2467464580974	233.0	115.0	83.0	32.0	11.0	3454707.946233833	13.0	1615632.4009154565	71238.64332055209	21383.946484464872	69142.78386346207
402.56614932310146	219.0	101.0	105.0	36.0	13.0	3568018.8853891455	26.0	2253439.9773298195	81507.8693449139	30607.279639852815	92129.45791868697
402.2835622510861	206.0	111.0	108.0	35.0	14.0	3467992.6969035002	27.0	2105193.795718832	78970.51777347013	36872.4049068997	91715.34861908118
401.3858762130287	196.0	108.0	116.0	40.0	14.0	3526456.5558538577	15.0	2103520.2534041824	78384.74044874316	25977.475370107994	87573.57430612126
402.27956237975786	211.0	119.0	93.0	35.0	16.0	3470411.965731158	36.0	2096607.037675762	74330.60880372327	28286.81080310536	89531.9074418461
402.06877243072233	215.0	125.0	85.0	34.0	15.0	3514353.4310259577	54.0	1883894.3579233987	78565.39001388721	26308.395339344584	77552.21752353117
402.4467964123054	197.0	132.0	97.0	33.0	15.0	3540528.4201235524	26.0	2140543.2240448683	74289.84668069126	28920.560955334502	85698.58456917756
407.28627698857855	225.0	120.0	88.0	32.0	9.0	3570613.9753477843	10.0	1611366.0365381541	72821.19841222963	21642.915800221956	68112.24648216755
407.796681064789	232.0	102.0	100.0	31.0	9.0	3542227.72010635	10.0	1888777.4300369667	72491.21982384252	30055.171985088797	80026.68355514773
402.48556355864014	216.0	106.0	101.0	40.0	11.0	3448609.288993754	11.0	2117633.2694735527	77671.36953697159	28365.186343621666	87637.9725287836
403.58317216039484	209.0	103.0	104.0	48.0	10.0	3487033.0794557566	8.0	1988463.4532139995	74370.33367268537	25811.964593451652	80843.16390796009
404.9843259295951	215.0	111.0	108.0	31.0	9.0	3420848.5419261167	23.0	1671738.2883339217	74072.65612816007	24371.870258104365	70638.51997828597
404.94642858887505	226.0	113.0	92.0	29.0	14.0	3443279.2179717687	48.0	1711517.8881257907	72358.41676034333	25336.26387916717	73184.26203430354
401.7723995235459	209.0	103.0	119.0	28.0	15.0	3564935.292714288	41.0	2123587.173282347	75500.64440421488	34794.57857843471	89242.5053868005
397.8668157465968	193.0	107.0	120.0	36.0	18.0	3509984.00200859	50.0	2209041.1937614772	81052.29560673148	44286.795969668914	90666.90257327036
396.7761653068525	204.0	105.0	108.0	37.0	20.0	3431391.093024404	23.0	2408560.0944677256	85349.96590094888	34159.605955879	103544.48908921376
406.69700293320034	213.0	127.0	88.0	36.0	10.0	3444869.5628832476	24.0	1804989.154002782	74122.37892962611	25344.74684242104	75132.7008156298
403.13578250059356	195.0	138.0	96.0	33.0	12.0	3513375.962124273	35.0	1991371.0704890997	77545.00683226377	30449.2499554947	81169.76613450487
397.494901768988	209.0	105.0	107.0	37.0	16.0	3493820.0159013076	38.0	2044186.21617663	87296.5040036198	28776.620330835394	88579.7140243717
398.5956490022349	195.0	103.0	118.0	44.0	14.0	3517197.537448573	39.0	2238824.3611368886	80956.88160151352	37475.19957049143	95502.25858929544
404.0991254205842	212.0	118.0	103.0	28.0	13.0	3550767.7690783115	34.0	1820508.6982044117	75558.579017741	23951.34149013575	75713.5881417547
400.7310993517784	200.0	123.0	100.0	35.0	16.0	3478999.790473029	20.0	1987743.1242244393	77354.12769573464	29689.333033568444	86584.74451249324
405.15777643751176	217.0	112.0	98.0	40.0	7.0	3501312.247189067	8.0	1700693.974215583	78379.91712549698	25513.406824359605	73486.14405289214
407.15784348536016	234.0	103.0	96.0	30.0	11.0	3492986.207075218	13.0	1812837.3478756384	74396.7032520375	27309.95827113356	71726.26057445223
403.9728286651934	210.0	106.0	111.0	39.0	8.0	3462879.6924212435	30.0	1881437.3936390444	81820.60939345352	26395.42170427063	78952.29001897581
398.6870475730416	190.0	108.0	119.0	45.0	12.0	3503774.1089965166	11.0	1956921.5476046843	81446.8176041121	31322.93010766779	81352.55567448259
400.85071507187257	184.0	131.0	106.0	42.0	11.0	3474038.974921803	17.0	1890470.635387361	80717.18957606932	28867.87372412813	79810.06698743012
405.7344461234345	204.0	127.0	106.0	25.0	12.0	3476754.850146247	13.0	1749790.645720957	75345.52730317785	24752.087560898242	72774.27324083837
397.9503298450793	206.0	107.0	97.0	47.0	17.0	3437652.9125097925	25.0	2496265.0793673834	83464.5186085502	31464.502313575234	102567.58152757146
402.0086268200791	216.0	103.0	106.0	34.0	15.0	3555920.924934609	27.0	2133374.085309576	80736.39974364155	30265.66323529021	88793.31596488124
402.20705231540376	224.0	95.0	104.0	37.0	14.0	3513459.7655688706	25.0	2117932.446755689	75112.42992708532	28667.21201053655	85490.38791412179
403.4871522037432	203.0	123.0	97.0	39.0	12.0	3412547.6770105013	47.0	2019692.4534358364	73540.04728435293	34819.491763611586	81280.22533714998
405.85344482943157	219.0	110.0	101.0	33.0	11.0	3499341.1350400886	6.0	1541168.9841772364	72664.59277505765	22656.763198885128	67696.44738489117
403.4673437899252	215.0	114.0	100.0	29.0	16.0	3459433.1229044558	27.0	1724095.1276264172	76828.59864833349	23119.714830784967	72621.94636570156
403.27427130162755	196.0	100.0	129.0	43.0	6.0	3478476.4740234693	3.0	1757461.215344455	80404.84616846936	24883.453416482676	78062.31865916145
397.5824155105346	201.0	108.0	109.0	36.0	20.0	3530995.9740042025	30.0	2491453.4261030206	85745.42512606815	35822.80656307773	103747.37211402797
402.010551060352	198.0	124.0	109.0	31.0	12.0	3488865.442105946	11.0	1840065.0278561646	77218.82442899117	26495.811171672332	82572.3560037376
402.8065683250849	214.0	107.0	104.0	33.0	16.0	3485593.2755370517	29.0	2078800.083743214	77009.9614379792	31916.539754269746	89663.94063434639
402.74702160901177	229.0	98.0	102.0	36.0	9.0	3520212.731467843	14.0	1737257.769129231	74455.12947753177	26620.739537645193	74754.4573027518
406.7777025209307	240.0	105.0	89.0	30.0	10.0	3480757.82410679	14.0	1665244.7806360736	75024.63394407033	21419.605312391155	68619.77549564677
400.68971540744974	207.0	111.0	106.0	36.0	14.0	3547541.0777275274	15.0	2141996.2609792883	79759.77180158424	31211.264396116192	86627.94517090727
402.93315658196974	204.0	118.0	107.0	31.0	14.0	3522124.537995077	25.0	2090542.3673157548	77324.43696436982	33087.72924197591	83747.5789180818
404.43192593940483	213.0	123.0	90.0	34.0	14.0	3524304.073907813	10.0	2046929.973058375	76932.60201288192	31399.248413739402	90011.85433961876
405.31315237219167	227.0	99.0	100.0	39.0	9.0	3591986.4321354907	17.0	1949882.8927993656	79637.8052683171	26399.817616541302	79650.7511885037
401.853450197753	207.0	107.0	115.0	32.0	13.0	3482056.3019090258	20.0	1941530.978886415	83775.438171367	31567.78567912123	79502.85046613347
403.39365969179937	207.0	129.0	88.0	35.0	15.0	3511058.354115244	21.0	1872947.7300033742	74613.80737564723	26094.60819481564	79128.66527315803
401.6761507654826	217.0	96.0	112.0	37.0	12.0	3578090.5436155377	12.0	1939011.4118837938	83477.95868467078	28384.21500583555	82101.40159737904
400.2193217367329	224.0	105.0	90.0	35.0	20.0	3484749.761656907	21.0	1874198.4519011877	80672.54466204465	26993.007191487348	77759.64474232016
405.05513284844807	224.0	100.0	107.0	35.0	8.0	3511247.8746681497	10.0	1751464.9893421927	76659.66234276154	24120.640716608796	73780.02467263855
401.65555915604136	203.0	122.0	96.0	38.0	15.0	3483485.344580891	28.0	1941667.6840003426	75839.40165864912	29191.25147127437	82080.63805918924
403.020588278809	224.0	122.0	74.0	38.0	16.0	3506975.1618837416	13.0	1884005.1921412668	75026.13572203426	28488.36638793741	78823.28157784074
398.5876750003209	201.0	118.0	97.0	40.0	18.0	3445552.7951517166	24.0	2195603.0418539	82983.91554104797	30200.992597485056	89116.12662659507
398.9137839117906	218.0	98.0	97.0	44.0	17.0	3508562.4886730984	31.0	2327237.438137807	79283.20174378587	34018.924952122645	97395.44968520096
401.28867721323775	211.0	104.0	103.0	43.0	13.0	3513157.3508773493	19.0	2212825.882844937	79527.48487037263	35140.702698009765	92723.0327084807
400.02599890406975	202.0	110.0	106.0	39.0	17.0	3442675.6549400417	15.0	2098492.660867083	81524.89076722041	27416.60117669568	86001.80336700499
401.9593883607157	220.0	93.0	111.0	37.0	13.0	3511248.3201860953	32.0	2149742.7837935546	79788.64132738931	27030.470893792834	84466.08259077682
400.8660156244965	216.0	101.0	97.0	47.0	13.0	3506010.109843401	23.0	2065579.234006845	77087.7877106102	31365.275666938673	89747.59506407814
400.4889829404272	211.0	109.0	100.0	37.0	17.0	3430816.8809828693	16.0	2119816.3335172804	77604.73720880854	34466.150889444456	90661.60303570335
