# reward	DS0	DS1	DS2	DS3	_DS4	Rft	Casualty	Cost	Resilce	CarbnEm	Enbbd
375.5040435222563	151.0	101.0	113.0	62.0	47.0	2785380.405063959	82.0	3960764.7419760046	106387.51078786206	58589.35455016525	163482.91703647294
379.37410645877986	151.0	106.0	107.0	68.0	42.0	2955255.6571155745	91.0	3916988.5447440064	103094.43592765178	56559.78747404894	158486.01359754647
374.12570585914443	148.0	108.0	104.0	68.0	46.0	2925542.0250575226	74.0	4051722.8359344676	104554.50953867313	64819.03696924127	168907.55403754424
374.1080427457857	153.0	101.0	111.0	61.0	48.0	2931433.2513997853	116.0	4215312.791155591	102779.43472188513	67564.13111170853	175771.63331062964
379.77119701242873	164.0	97.0	120.0	49.0	44.0	2869931.401574613	104.0	3675163.5452040294	99655.79462151049	62663.656992643344	153256.66661452054
378.17267560400035	166.0	96.0	104.0	59.0	49.0	2694993.0101431306	87.0	4214487.000603972	99105.52955494256	65780.64813630939	169830.2591418157
379.63738177776986	163.0	96.0	120.0	51.0	44.0	3082784.5694546197	75.0	3833880.43508098	101563.93763048353	53912.38334174703	159088.3726801164
372.8082535672747	158.0	101.0	104.0	59.0	52.0	3098566.2230468756	106.0	4219272.79844695	106791.91116292964	67727.17651320613	173147.3081130003
382.87654187007365	175.0	93.0	103.0	64.0	39.0	3009994.036161254	73.0	3797455.303803063	98946.78022818682	57467.18529020422	151157.12754924502
385.46535391528425	178.0	101.0	100.0	55.0	40.0	2910472.9608915667	76.0	3639705.5298522846	92201.73373453345	54327.3955521114	142331.49159686096
382.60103927657997	169.0	105.0	101.0	55.0	44.0	2939315.035620117	88.0	4018537.188406134	97522.94646306611	60090.44168408919	162136.59240372072
378.4300803821825	169.0	93.0	109.0	58.0	45.0	2945578.6996350093	69.0	3850669.434849873	101102.74697924251	61849.047160584494	159418.79910828936
378.7093571965724	165.0	93.0	112.0	61.0	43.0	3064987.0094697652	101.0	3857596.6996038756	102280.63576671088	62865.08382803413	160773.04206368953
378.0579933754722	145.0	100.0	126.0	60.0	43.0	2942261.4929247973	72.0	4396226.506591265	104521.29717607395	61248.18570616555	171420.0530456861
380.674657371759	158.0	98.0	122.0	55.0	41.0	3041993.710383727	71.0	4106968.2000677316	101297.6594827548	65207.44781202357	160588.79343021664
378.69246356580413	162.0	92.0	108.0	71.0	41.0	2794900.4512972813	89.0	4324275.5616961075	103302.15259263228	67858.42853742393	178942.77579097325
377.946668069846	161.0	93.0	111.0	64.0	45.0	2960562.9509027763	83.0	4236946.231817182	104055.64499545982	66667.25166647145	172963.52675567506
382.29377791469057	168.0	102.0	103.0	60.0	41.0	3120314.216346451	84.0	3724438.924485024	96531.58487103468	54169.032663772094	153918.35078533768
383.24333220212543	157.0	112.0	111.0	55.0	39.0	3077646.757343985	88.0	3319757.3396732453	92690.64948194576	51755.128514004304	132727.36720420435
374.50891932792894	165.0	81.0	120.0	58.0	50.0	2826098.067549197	107.0	4292635.726337589	102347.35849386523	66655.79475385495	172200.23600864245
383.81707466403924	171.0	90.0	112.0	63.0	38.0	2882816.478210802	82.0	3926520.9291414693	98308.77519027458	52775.45830113019	160588.89848337037
384.09244526796374	158.0	106.0	110.0	63.0	37.0	2885349.159294641	56.0	3484894.484582809	102226.01238392855	51777.99349752256	146266.62788244587
377.7845890947327	158.0	90.0	119.0	65.0	42.0	2910139.0005262317	101.0	3971568.6790712066	100563.70620482948	59410.13377736036	166327.2002687811
382.7274757976693	155.0	97.0	116.0	72.0	34.0	2816240.6182695096	59.0	3744638.1947911503	96708.02109939003	55987.59861860664	153184.6819974378
375.45990680776697	173.0	86.0	98.0	68.0	49.0	2918073.3679498746	126.0	4162467.9738762737	98941.30103502343	67911.04023206237	169134.87224723242
380.93498224695117	157.0	96.0	127.0	55.0	39.0	3045986.414755108	84.0	3971922.890048092	95857.65071396828	59376.49845663119	159944.62340456794
380.40504676589813	162.0	102.0	117.0	52.0	41.0	2855555.057321536	72.0	3740720.4944892563	95206.63689940955	68496.25738081988	160688.17576558108
375.0376187661416	160.0	91.0	104.0	69.0	50.0	2846628.548036038	61.0	4298066.225391963	104295.28519597283	68446.14393108821	176732.7051619376
378.0732951452055	154.0	102.0	116.0	64.0	38.0	2849710.396359098	98.0	3603050.192348142	103349.10255306638	59727.69674643482	146298.17085190897
380.9275986442984	165.0	90.0	117.0	58.0	44.0	2875605.126157009	86.0	4000514.803380847	96676.50312672148	57099.386672710665	164334.9279634976
379.92523385530603	161.0	93.0	113.0	66.0	41.0	2926831.565341994	63.0	3811085.7841062006	102394.05866983221	63218.64831337817	153814.64563904953
377.57920334983186	156.0	101.0	109.0	59.0	49.0	2806268.4233191945	91.0	3808315.1934081763	100089.15346578373	58799.01044335688	155865.72768030898
375.35035504548244	154.0	94.0	114.0	67.0	45.0	2924851.5284128347	79.0	3956735.8604576066	99183.20820882519	63925.68332347933	166566.51719323176
378.2024224371121	169.0	96.0	101.0	65.0	43.0	2900548.6379776457	72.0	3836792.2883649208	98596.76731512533	70775.14416091764	159541.06294393874
379.1860421823603	147.0	100.0	127.0	61.0	39.0	2906537.458524923	107.0	4071364.96623734	101110.32159596222	67814.05818138208	170000.67315362633
374.8680241240326	171.0	91.0	107.0	50.0	55.0	2742839.865293079	93.0	4246515.6522625815	101582.87179447437	64202.683677293164	168085.3328823896
380.86089155566003	160.0	94.0	111.0	73.0	36.0	2881413.716982237	37.0	3794142.85794416	100061.08049187847	58727.160294600646	158522.72588113724
380.0606158883284	176.0	81.0	109.0	64.0	44.0	2984731.112247955	70.0	4278820.284645915	98465.5916997939	64894.79291355097	170472.26571784125
376.0068504389808	149.0	108.0	106.0	63.0	48.0	2830993.1726887887	69.0	3969282.360217045	101036.7536819354	63546.442019303126	163585.58137791892
370.86249957598886	162.0	81.0	116.0	61.0	54.0	2818802.9653242547	118.0	4399649.659834592	106812.65068075288	76705.64094027998	177103.66077077086
381.5508720058348	161.0	93.0	119.0	62.0	39.0	2923158.1514409445	47.0	3594987.1511745322	100348.82856509002	55510.47452348022	151407.3838690291
374.0653823377115	164.0	90.0	111.0	57.0	52.0	2955441.7288162466	81.0	4228446.304917648	104106.18251136906	69851.9427356829	168795.39963228418
378.25841510693243	156.0	110.0	99.0	61.0	48.0	2823117.8376676366	96.0	4166720.733687455	95019.0215764896	62382.71952853136	167303.5308413383
387.89404074556967	179.0	99.0	103.0	64.0	29.0	2871229.063853248	58.0	3378832.937434289	90112.33663998867	48964.58145108033	139621.99931828646
375.0273484493165	146.0	95.0	122.0	65.0	46.0	2785791.195817097	147.0	4372784.145534575	106335.23780849576	77649.67096501512	180738.69535019418
375.07254278275366	168.0	94.0	106.0	55.0	51.0	2747884.2928758836	119.0	4325218.933588007	107489.09875166316	68630.11197178299	168440.94716277864
381.13807755608457	152.0	107.0	122.0	54.0	39.0	2889403.383589275	97.0	3665618.68176902	103535.33480713797	63675.122437160055	149885.2838282553
380.16215400811063	164.0	98.0	110.0	58.0	44.0	3199087.004359628	76.0	3895951.99409212	99202.6594209531	56761.9248593275	157595.11644426675
374.5940800114155	150.0	102.0	127.0	42.0	53.0	2938497.1315060062	67.0	4129575.110738194	103696.83596138656	66087.87268736909	167075.64784508123
375.8669265820961	152.0	93.0	138.0	41.0	50.0	2934733.877031348	114.0	3847811.05238231	103766.53287058395	59282.80910832815	155618.20261570346
376.35366586146495	160.0	96.0	110.0	53.0	55.0	2605677.287709804	81.0	4185265.422000671	103622.55438255983	69984.43775427261	170074.60230681556
375.83874588690975	152.0	100.0	119.0	53.0	50.0	2849553.34280351	124.0	4573624.200455587	104188.82115015545	72716.21598432123	180214.64345365
376.3338658069167	148.0	96.0	115.0	69.0	46.0	2772689.0718955286	75.0	4158924.639429923	107428.69089201355	74764.65789043621	174886.27509315702
385.83280802418744	164.0	97.0	118.0	67.0	28.0	2877624.5007979716	76.0	3552115.8130581426	94910.27919544303	53572.16591402021	147421.13670814643
373.0583938083352	160.0	79.0	132.0	53.0	50.0	2855229.5814648033	133.0	4029864.1623092704	103260.19650881966	70321.2800729198	166927.46888750617
381.9759109467044	158.0	111.0	109.0	56.0	40.0	2997924.9055963126	48.0	3783106.209309295	95631.5786728687	60436.87686475834	157903.1541832778
382.8045622385793	189.0	80.0	110.0	57.0	38.0	2992748.8443166935	69.0	3475487.4980265494	97662.32052613086	52491.380439001456	139543.8951826281
379.99858899019773	151.0	103.0	123.0	53.0	44.0	2866771.6050984655	96.0	4074591.166200277	104589.46362122077	57201.69374518193	165524.78736715438
379.7470490756721	144.0	102.0	126.0	64.0	38.0	2920282.1919137337	70.0	3899144.077925128	103912.78357281366	54010.04916629212	167060.47507088422
375.6222273831559	146.0	100.0	128.0	53.0	47.0	2996149.184308334	77.0	4244077.604753421	105662.60628735906	62908.58300562219	172305.77794325742
379.37165685136904	152.0	115.0	104.0	61.0	42.0	3012088.7633902314	69.0	3817178.642067222	99949.75726744915	56790.90336517702	150130.84422718134
376.39490896063955	154.0	86.0	129.0	64.0	41.0	2854608.2461938555	91.0	4117733.8724563746	104391.41779277849	62744.91191187534	169869.55207173864
374.060308739367	166.0	93.0	104.0	60.0	51.0	2975226.3507790687	131.0	4315588.179787129	103954.62421717198	72086.98456720499	177088.33481518575
376.91548029180603	143.0	103.0	114.0	70.0	44.0	2867034.4638232146	61.0	4281486.145994204	104226.31498399521	76301.05731239828	178646.30410756357
379.3790834868395	147.0	106.0	106.0	73.0	42.0	2643330.3085706867	83.0	3961744.748693348	106515.12542256448	65173.204411021194	166600.80031026914
378.76255572116867	159.0	96.0	113.0	63.0	43.0	2871161.551472619	83.0	3935695.8762283865	102152.76468529	59818.907737400856	162697.3429561297
375.52837813301716	154.0	105.0	103.0	63.0	49.0	2966489.052355484	84.0	4292656.753911134	103837.16917583892	63210.46792081064	171471.72103419545
387.3120350728978	174.0	98.0	112.0	59.0	31.0	2935445.6805443787	66.0	3253406.3238299405	92877.14219427767	54113.145194445664	143461.71364219103
382.41200323107785	168.0	99.0	113.0	49.0	45.0	2877172.1233296953	69.0	3735611.683588234	100747.2246811374	60269.30597767062	147710.5870279515
381.85013896257465	170.0	98.0	113.0	51.0	42.0	2938070.247271301	87.0	3420839.18945259	98617.84256073344	59243.14535634551	135848.2953088334
384.07764749976565	161.0	106.0	117.0	52.0	38.0	2844404.1452708323	72.0	3585943.73858022	96741.7988836846	58301.56570835044	145145.65648738728
374.0932112767875	152.0	100.0	114.0	57.0	51.0	2885231.4469805313	86.0	4308506.769251296	108252.14410273041	66981.71218038842	178140.06273375824
384.65790100203907	171.0	100.0	110.0	53.0	40.0	2896421.4346412476	60.0	3607702.728690166	95931.97268013516	52494.02436366274	148000.4671219822
382.09038202755806	163.0	89.0	123.0	65.0	34.0	2865486.9657415994	58.0	3549250.5554556306	98892.86281900617	59384.89704669439	152242.57524798196
380.54349657787526	175.0	85.0	110.0	62.0	42.0	2974450.538052322	57.0	3813521.075104667	101242.51643691679	55094.805779015805	151543.26147088548
387.76681670735354	176.0	104.0	110.0	54.0	30.0	2951410.180603195	43.0	3220079.736107884	94025.54905763498	58060.088471642826	136432.1096331778
380.5217534099693	156.0	105.0	109.0	63.0	41.0	2964008.7302953065	85.0	4030977.2815695186	103291.17316027799	63428.7889846611	160474.02559960558
386.0210062551348	163.0	105.0	117.0	55.0	34.0	3146542.4795422223	107.0	3571849.37642081	96307.95713153486	54859.766677946216	145461.22770303622
378.7008126574629	159.0	97.0	106.0	68.0	44.0	2778533.0793872983	92.0	4372894.977755515	99959.44162855404	68083.5291656623	179522.22767376015
375.65211195347445	151.0	105.0	105.0	67.0	46.0	2912436.638323173	111.0	4144190.462061631	103436.08721928188	59044.30784515452	172369.38587716524
374.3333160999777	160.0	90.0	112.0	53.0	59.0	2842377.276250481	64.0	4445265.1663088305	107619.72321608568	69392.31572647217	176978.77028952673
383.8581128872909	149.0	99.0	129.0	65.0	32.0	3045780.744958389	42.0	3405714.1808513855	97541.45679080818	61597.55124317507	140099.89244154654
380.9399315941468	152.0	106.0	111.0	68.0	37.0	2824772.3244852475	71.0	3910067.5247650826	97390.18733735976	63795.06540216076	157050.54309527084
379.2708296051926	161.0	88.0	132.0	52.0	41.0	2844127.371997932	49.0	3670477.3548969864	101450.20855176925	64068.92253779184	146243.14906167943
380.0642380203128	166.0	94.0	108.0	70.0	36.0	2991864.8359323665	74.0	3930153.9036852317	98202.06041619282	59051.35194558505	160504.92646645522
380.07292564162213	160.0	106.0	107.0	61.0	40.0	2835105.632717547	93.0	3495634.467795911	102311.777530167	60282.599580350405	144580.95092564245
383.11965347670684	143.0	116.0	118.0	57.0	40.0	2923604.826890939	77.0	3838365.079008387	95858.46340816858	54129.450922119184	155825.48005640815
389.64101661806694	175.0	104.0	103.0	62.0	30.0	3007918.6230645454	72.0	3368559.9023695136	92193.65856273653	55058.851188426735	133452.95005090788
382.5184635063626	174.0	99.0	100.0	66.0	35.0	3046265.9045711965	67.0	3685094.398737652	94572.49799188417	56242.5107792912	147965.97918571037
381.1790176249142	148.0	93.0	123.0	74.0	36.0	2845892.030100669	84.0	4002447.7051869184	100194.77746441809	62791.483826438714	166292.23994879896
379.6613558889521	159.0	87.0	127.0	54.0	47.0	2752217.1839295384	81.0	4025836.459578337	100984.07549036914	61584.821406376934	160343.57019768973
378.18526004343767	146.0	98.0	117.0	70.0	43.0	2689553.5880338536	111.0	4218994.416747271	100549.96150883328	68199.96790712242	177181.7350603061
378.9563965751787	146.0	106.0	126.0	49.0	47.0	2903376.841633581	97.0	3859895.220926619	105199.57309377016	64565.46560335791	158400.90966764063
376.596541141173	166.0	94.0	101.0	65.0	48.0	2969970.9450759897	59.0	4295460.98099479	100526.42825413405	67463.40227995744	168917.8096837919
380.2071654927577	161.0	87.0	129.0	60.0	37.0	2895515.8437980283	76.0	3837246.0510202693	105360.07953910992	56324.55549368187	154460.64516736596
376.57804564262074	145.0	94.0	127.0	63.0	45.0	2792868.691322543	109.0	4254538.164891297	102694.46891497882	68003.3884152119	169442.1956587024
384.0105126071747	167.0	103.0	112.0	53.0	39.0	2940360.4313356094	50.0	3544589.4485449637	99756.43431737012	48878.08154132391	143948.5690297953
373.16087565673854	143.0	99.0	118.0	67.0	47.0	2824426.97779228	106.0	4352381.559953085	106314.27884030328	75925.74922126104	171246.01682577148
376.38901718281966	170.0	87.0	106.0	62.0	49.0	2927628.0641767913	118.0	4121462.891838532	99742.23153696588	69829.85573833843	163877.48658873787
375.06649209273735	145.0	101.0	123.0	56.0	49.0	2734880.423761119	111.0	4335846.422116494	106924.33139346633	70710.60287027442	173970.99248447776
382.5301582642346	181.0	94.0	98.0	60.0	41.0	3010200.8096324694	97.0	3930006.6207189867	94867.37300577093	61138.89037373723	156697.96946617094
389.1706033291132	173.0	99.0	116.0	57.0	29.0	3004923.0564475236	52.0	3286862.286527263	94545.65315246655	50406.1547892041	133437.09117999268
380.79127803502126	158.0	82.0	139.0	58.0	37.0	2927707.675778688	89.0	3965543.333753802	101717.01508896184	58105.31842373563	158635.4254017296
379.64900146637854	170.0	98.0	102.0	58.0	46.0	2842461.811709692	90.0	4090622.621200861	98807.29628594988	63428.07572683303	161640.47475096848
374.67440283145197	158.0	92.0	100.0	76.0	48.0	2717142.0578269307	90.0	4738510.463920178	104230.74434927526	75938.66879312742	194124.03359117737
375.16519479389467	165.0	87.0	111.0	60.0	51.0	2811168.316938553	56.0	4380444.190214565	108276.09332688988	65578.82625937363	176594.34230246436
383.07621979662554	168.0	99.0	105.0	63.0	39.0	2779312.173474236	80.0	3804572.055462216	98392.33272535054	53905.60107395919	150534.36792411818
377.3981672280447	151.0	112.0	98.0	70.0	43.0	2939768.7210878925	87.0	4213147.52915675	105397.30938968371	63870.69492021736	162504.73606412465
376.85767276369313	162.0	98.0	101.0	64.0	49.0	2957003.3196032597	71.0	4170752.491482678	98786.37675711844	63671.604955558476	170694.65502505135
378.9359475053225	167.0	97.0	102.0	63.0	45.0	2743886.8465948445	57.0	4205644.93352388	100988.71927337757	66445.02429104931	164793.96957379923
376.27096661459746	159.0	91.0	117.0	61.0	46.0	2753316.9338170746	113.0	4226696.274540236	104579.89941414213	71308.37284783047	170537.14588009188
377.4192718176764	159.0	101.0	111.0	59.0	44.0	2776811.390679737	83.0	3942569.551655277	103726.7432525253	63813.63218954053	160292.89106533566
384.7758341820493	172.0	92.0	112.0	65.0	33.0	3054488.6882471973	76.0	3514849.76746784	97602.54191409108	55225.47798273325	140976.59488050686
385.2097349378555	156.0	105.0	119.0	58.0	36.0	2953870.3138402943	48.0	3555940.456961119	97146.14035375263	53941.78085695061	146185.14764138142
379.3564951308052	158.0	103.0	110.0	59.0	44.0	2791625.23815331	63.0	3787119.740579907	103971.98951251518	59816.90149324514	154523.30073108964
382.43864166943223	152.0	110.0	119.0	57.0	36.0	3047887.930802752	101.0	3419495.4263044186	101042.6712858367	53972.981540239416	138067.7875191294
383.18930617043554	153.0	115.0	111.0	57.0	38.0	2878069.9698543893	50.0	3330460.6366907638	95655.869176618	52416.6147891579	136784.5630148793
377.8398540555083	150.0	105.0	109.0	65.0	45.0	2917756.1000507106	62.0	4036233.883901148	104490.57103577195	56147.26607517572	166239.80462688903
378.63219384428885	169.0	93.0	106.0	60.0	46.0	2804540.6150500374	65.0	3944899.17204835	101376.68074261746	60405.18600016025	159132.09522612518
376.16853944556345	153.0	89.0	113.0	77.0	42.0	2788021.826891854	68.0	4362228.334120842	108045.11692830724	63191.236280872414	183005.82413505268
378.50910918583673	151.0	109.0	116.0	57.0	41.0	2894296.4842506293	111.0	3977896.7220671587	99292.5496557024	71776.26067685249	162497.66244364023
375.6291769576758	155.0	100.0	107.0	63.0	49.0	2915018.2183187343	70.0	4147234.5201700632	111482.00583666147	62925.58095022484	168657.24737744057
381.7609114045181	174.0	98.0	103.0	62.0	37.0	3008439.8710765895	119.0	3733485.6058048806	97046.46101640191	62090.12335198576	155975.4769657609
379.79404479371465	156.0	110.0	112.0	54.0	42.0	2923238.8735807925	83.0	3707760.5386309316	101640.34163275194	55558.41122227795	152887.24482600292
382.09979905259956	162.0	108.0	105.0	57.0	42.0	2970614.446554971	66.0	3636527.478636898	95112.65012257667	57437.54997106966	147022.96547200112
383.69796307288505	167.0	95.0	108.0	75.0	29.0	2889128.720981068	41.0	3438502.396726166	96944.95756364657	49520.25284152639	141263.385926936
373.4076930021443	144.0	99.0	122.0	57.0	52.0	2781523.137836141	100.0	4392742.964319925	108336.67438388531	65571.27717646005	178896.52425707277
372.9844111307469	157.0	80.0	129.0	60.0	48.0	2961440.1924938285	101.0	4047160.1612955905	108897.91110322176	69403.60828436351	167938.78651290224
384.0259647884726	175.0	83.0	119.0	61.0	36.0	2975633.200891518	66.0	3729573.5093200775	93798.88368614303	58123.14636583383	153891.89120098998
379.2213822051483	166.0	96.0	115.0	52.0	45.0	3004289.632561126	73.0	3669851.9980522403	102698.18046777311	67589.27670469326	149473.13086340603
380.75480238125147	165.0	96.0	113.0	62.0	38.0	2952895.889045002	74.0	3617184.150235335	101813.60752839621	61887.29529866235	147176.21768136538
378.774656782316	151.0	93.0	130.0	55.0	45.0	2844704.177130634	95.0	3906262.251921522	105917.05131210954	60017.45401469454	152563.48923138803
377.6406644166319	175.0	98.0	104.0	47.0	50.0	2961529.2758221333	82.0	4268477.052963536	100582.02923351116	74239.7187220889	170831.0836789227
381.8939602068673	189.0	89.0	99.0	54.0	43.0	3003851.3678886043	119.0	3975417.116552068	93689.65529276013	68201.81853806942	161341.08665129845
380.96007343566157	164.0	99.0	112.0	58.0	41.0	2891929.492808765	90.0	3740784.379557452	96393.6192458114	53336.234154984486	149843.58368150372
381.16939901959347	161.0	101.0	117.0	57.0	38.0	3206091.297194816	95.0	3735687.7732066712	97491.07936257246	58798.89734123803	154223.31659240922
380.73947469531186	148.0	107.0	119.0	61.0	39.0	3066250.0213017995	79.0	3695005.587613441	98714.82426451525	53957.169351526645	151885.0522520023
377.2234221136101	169.0	93.0	108.0	53.0	51.0	2951067.062347526	111.0	4098323.7453226536	98145.9458647759	63623.11560972924	163678.64997082957
379.2516905685579	163.0	98.0	104.0	70.0	39.0	2832731.5843240614	70.0	3991590.164773128	102644.30856469582	61734.3803490093	160548.76940875553
376.52837540264034	160.0	90.0	117.0	56.0	51.0	3051795.4306070246	125.0	4475521.182985732	102355.74988177908	65880.54076910493	177190.3017984273
382.8607355287626	162.0	98.0	112.0	65.0	37.0	2868391.0197519716	64.0	3513646.942637303	99174.15556796904	58494.97287526178	147149.2223455688
382.2776213548166	161.0	95.0	115.0	63.0	40.0	2999139.256955461	33.0	3684469.452636591	98184.64736824651	54715.41413061593	151557.9875642584
374.80200813636014	160.0	108.0	94.0	57.0	55.0	2864027.1725161667	115.0	4510554.455144103	107994.12170562605	73343.36327717922	180814.86463472855
388.4615778329265	179.0	100.0	107.0	57.0	31.0	2875848.2367472616	55.0	3436490.962508573	92898.81357858033	55693.510847914746	137614.02268525917
377.79414521872866	160.0	112.0	97.0	57.0	48.0	2966325.676472908	61.0	4065272.719112069	100209.12299269816	74093.67849585503	170101.58407950678
370.2760190356661	155.0	87.0	118.0	66.0	48.0	2719739.1384054646	148.0	4289551.59813844	107684.56981110258	75860.35675972077	172948.9352202349
385.45976666322497	176.0	106.0	103.0	55.0	34.0	3013453.976737968	63.0	3162917.009445846	93367.98315300448	48409.61389538994	126871.2230794084
376.16656540704616	153.0	92.0	119.0	63.0	47.0	2998513.006777129	112.0	4146305.8262113757	101740.16857960672	65435.723227153176	170547.5647721368
383.3291894832522	177.0	95.0	103.0	57.0	42.0	2912033.8728162507	58.0	3831271.0458290456	99097.81275396829	56855.73987842812	155609.22186552885
380.14064339230714	157.0	88.0	122.0	73.0	34.0	2824934.1306365617	73.0	3825965.9864946767	101555.32682723519	55643.73079044535	162939.17294093262
378.8092384390351	160.0	92.0	114.0	70.0	38.0	2773123.9173751166	83.0	3992967.1191213247	100231.50769690111	59558.192315956796	157400.79641860488
381.5064530096132	150.0	93.0	131.0	65.0	35.0	3007854.3402704345	93.0	3677924.8309697243	98734.84095189518	57873.719689730526	153327.18141556616
380.29056271210004	163.0	106.0	111.0	51.0	43.0	2945032.83130382	76.0	3862911.2438468374	97896.01782617453	58662.75965951373	159542.17633240734
385.2655692980327	163.0	103.0	122.0	53.0	33.0	2994642.038234533	92.0	3334174.803646326	94292.15753575588	45748.871619747544	140692.94415388323
373.8835311097101	172.0	85.0	106.0	60.0	51.0	3025348.4619893124	117.0	4481545.1217926	101807.12743363062	71997.87925655485	182089.2896906779
379.22352511775	148.0	98.0	127.0	68.0	33.0	2825815.719896173	56.0	3615894.3067438593	102921.75612419442	54340.36897686205	147870.75584694467
388.1737096803079	162.0	118.0	121.0	44.0	29.0	3050172.7716561556	42.0	3291309.2188687557	96691.19319069057	51115.67962935152	131789.59328756807
381.27766016460953	148.0	113.0	115.0	55.0	43.0	2833436.695404852	56.0	3858023.20329241	100017.47604371139	54803.194693997575	152416.80829476585
381.10118652786434	176.0	92.0	107.0	57.0	42.0	3034876.1319976733	76.0	3679374.6658867123	98832.35866005714	58654.35217027784	148091.65172448911
379.97424535217465	166.0	93.0	105.0	71.0	39.0	2887174.4842697056	71.0	3738955.030370185	99725.53776602309	56771.668558471145	153278.51598637732
384.5882889875234	160.0	118.0	109.0	50.0	37.0	2906573.75975232	39.0	3424214.91632804	95538.00414506614	52711.311811088184	137635.4483466514
380.6392389676622	143.0	101.0	126.0	68.0	36.0	2824348.3434188287	54.0	3673297.237936454	103954.1856145045	59663.129404396845	159487.1390254951
376.9099406102759	172.0	85.0	107.0	62.0	48.0	2980573.9292627727	72.0	4064274.003498189	103440.91311596654	75151.19756708163	168736.8458065594
374.7953794817829	147.0	108.0	106.0	61.0	52.0	2973156.6194905033	97.0	4581583.788493974	111414.77916615855	68225.87038750085	176742.0697604607
382.99094733282686	151.0	105.0	123.0	60.0	35.0	2856806.8927260507	66.0	3581171.9574745866	99021.41882418194	65694.56104368388	148817.08833534678
376.67564937766304	153.0	100.0	114.0	60.0	47.0	3042592.627093767	46.0	4100670.119348471	100624.758617971	61608.31821756042	166257.98116535752
377.7118260177887	157.0	91.0	127.0	55.0	44.0	2761155.0167492777	84.0	4192225.4892657064	101704.74207642485	59121.642761744755	169628.3190198879
384.4302484312113	164.0	97.0	123.0	57.0	33.0	3261398.286317142	87.0	3593973.4364781072	96958.07873396427	49723.78434183264	140027.84351525118
384.5406477686875	170.0	106.0	103.0	56.0	39.0	2993459.3761470495	79.0	3570608.6845592493	93111.4679353857	62343.047602724524	147653.93364575814
380.22557573671054	159.0	98.0	112.0	67.0	38.0	2982330.929162072	57.0	4180039.325256387	98245.81962998211	69802.49757117819	171266.46004966972
385.48112081114357	156.0	111.0	126.0	43.0	38.0	2910835.3257213095	62.0	3266366.4076922666	93982.91223018945	45178.00963758565	129922.63416689275
382.7071874597177	166.0	98.0	118.0	51.0	41.0	2873930.344244521	89.0	4040468.6289251223	94659.68338719463	62973.050440102445	153438.61335693282
377.81819733244026	167.0	86.0	110.0	64.0	47.0	2864880.160172835	54.0	4397035.981526183	102739.15425944471	74317.75017920046	178660.04682859487
377.2953362463086	150.0	94.0	121.0	67.0	42.0	2874774.2626200453	64.0	4011700.535765547	102178.06545867883	65989.86808274215	158538.33600705047
381.7626173774885	172.0	105.0	100.0	53.0	44.0	2843968.986133913	81.0	3995035.4526808225	96280.59669081254	70785.41314769749	163810.40738022077
382.47131151799795	169.0	107.0	93.0	60.0	45.0	2877416.963466483	83.0	3792763.9447572725	101796.62047743583	50670.72542667776	150137.37198653023
377.5521070886752	158.0	96.0	106.0	68.0	46.0	2688807.084329026	54.0	4491785.555331834	101413.39012819369	67484.36134582522	178214.78398356005
381.0826010551006	161.0	112.0	110.0	47.0	44.0	3122507.8951052963	82.0	3242061.639262077	96294.82425006137	51511.66751081107	130313.73501875572
383.00641219849285	169.0	97.0	115.0	57.0	36.0	2905442.083609175	62.0	3418780.7798998905	98425.6291074287	49684.37827625153	138000.84106907257
379.5727439575529	158.0	100.0	122.0	56.0	38.0	2917834.490307371	85.0	3517554.912084008	100087.80787972742	61607.73394591469	142857.75683612004
380.5439428595427	159.0	90.0	120.0	70.0	35.0	2985413.089604267	60.0	3839853.4597021244	102065.7041456368	59703.48392580505	152562.0146417299
383.4303853363356	175.0	87.0	112.0	63.0	37.0	2850958.707073938	74.0	3781160.8241839753	92451.41313652774	54913.93811255694	154376.18463090918
383.0726734303089	163.0	90.0	122.0	66.0	33.0	2896569.781861418	88.0	3555057.548204626	101776.58012583491	51532.21986298344	147301.73963065387
384.5774162873117	169.0	91.0	117.0	62.0	35.0	2927972.280510585	107.0	3530807.551436076	99996.81382503815	52696.12458989807	140419.32873971213
377.31466081187466	159.0	99.0	116.0	56.0	44.0	2837504.0977686346	74.0	4188020.706638948	100827.28247449492	66526.47533535684	167759.62444855683
387.15636675502685	163.0	109.0	122.0	46.0	34.0	2869836.036033424	80.0	3391078.066224803	88949.82258842143	51237.37163539274	141159.47296473815
381.4791444302086	174.0	89.0	119.0	52.0	40.0	2912646.688286468	78.0	3538024.966183404	102122.47518227925	58260.813116195335	139183.8466161052
381.2733533096592	160.0	105.0	120.0	51.0	38.0	2972283.3977026204	70.0	3342676.164565225	99587.82585030016	51525.489016928754	136173.47101278495
378.29432509849266	160.0	90.0	133.0	49.0	42.0	2590036.424417608	108.0	4008832.959194961	99398.03047394863	65998.97813028195	169122.29691907554
387.4660176807539	167.0	99.0	109.0	68.0	31.0	2833617.037847294	50.0	3563186.4208554453	95428.56537750721	62589.418038269076	144123.89869401554
383.18216223865545	173.0	102.0	109.0	49.0	41.0	2684637.727345081	89.0	3495902.0498232916	99528.41959147649	54365.72160595863	143157.1523951392
381.172896103113	172.0	95.0	97.0	64.0	46.0	2999650.9519407465	79.0	4037025.47405582	96008.4171664649	60425.888419226445	161441.78384139933
377.72250031915144	156.0	105.0	114.0	55.0	44.0	2741640.6818172485	76.0	3848133.824666458	101998.05423029301	65720.27305284761	162366.81874078652
381.7688435800231	175.0	85.0	115.0	66.0	33.0	2876217.983876687	44.0	3200200.8237077263	98895.06694765194	50076.04283673692	136451.73597950937
374.8003757363806	156.0	103.0	101.0	65.0	49.0	3010641.111069595	92.0	3966115.803613213	100560.20140738608	61648.69037750543	161528.2780711256
380.21965558845875	161.0	92.0	122.0	61.0	38.0	3074086.88299648	118.0	3842931.0056949863	103336.93860665939	58134.637777335985	155450.47744899557
374.423334877762	145.0	101.0	113.0	67.0	48.0	2789661.2461573086	93.0	4735424.477641173	101624.01294519246	77666.53746903373	187564.66003166552
381.1174999642317	159.0	96.0	119.0	59.0	41.0	2846865.7191509726	73.0	3992070.190454593	97622.10688613678	65361.04912426951	166837.33368044804
367.05154940968043	150.0	82.0	109.0	74.0	59.0	2696657.8638702445	93.0	4924546.844179156	110706.64257090112	80410.99095927781	194805.88486934733
382.88874333804046	179.0	95.0	103.0	55.0	42.0	2975401.1068171277	74.0	3786528.5156273027	95149.90897442999	58071.41228251642	152978.57404059116
380.53998891745243	158.0	103.0	111.0	60.0	42.0	2810391.5703998813	135.0	3863662.562094701	103209.74300102718	59674.46208992405	157702.71246413523
378.76290606582427	162.0	88.0	113.0	70.0	41.0	2956140.8519890057	78.0	4265055.793651382	100788.01339685053	61454.993193684204	169205.1113572297
382.1621074431805	174.0	105.0	101.0	51.0	43.0	2918199.4310610583	83.0	3842196.719975994	98540.95651926991	65321.43771631026	158296.182766414
376.43110759613415	147.0	94.0	124.0	66.0	43.0	2795424.204685786	89.0	4108414.9489119863	101266.4954072294	54581.28696110811	166605.41837173118
373.8762715699504	155.0	101.0	104.0	69.0	45.0	2852017.275678681	98.0	4309790.216871811	105307.54649224764	65980.07950894642	171156.09740366717
378.3811803226357	158.0	82.0	134.0	55.0	45.0	2862303.9554842003	113.0	4077648.0733558796	101186.72980328483	65634.67111592839	168222.5737205526
380.0277450092062	147.0	118.0	108.0	63.0	38.0	2895439.5873769624	40.0	3559573.3853635965	96303.40973513114	62682.51687315508	145446.5521715214
379.0604026403676	160.0	93.0	120.0	56.0	45.0	2970899.9457624303	85.0	4115306.185957268	99282.23534027005	63759.28419111512	169320.66681184777
382.2921696739034	145.0	106.0	126.0	59.0	38.0	2710470.5639118715	54.0	3703947.8478255672	95614.72947171319	62472.51015518348	152265.93915788032
379.1575184693622	136.0	116.0	113.0	66.0	43.0	2964385.9918791414	92.0	3903791.5445938166	104191.12016243927	61714.74969181212	153609.84410894508
376.45910044290326	178.0	98.0	84.0	65.0	49.0	2894356.957438754	104.0	4485676.320484512	98675.04499603927	64608.69677460766	180706.5013730809
380.589457619771	152.0	106.0	112.0	67.0	37.0	3016042.865202464	84.0	4020124.7542203097	98896.36255786894	50882.265611173636	164172.11581945678
380.81546452843645	180.0	88.0	109.0	51.0	46.0	2839803.8852306483	96.0	3976576.1355641102	100449.4108695146	71255.92808901038	161059.27744690535
383.1908872194684	182.0	96.0	109.0	42.0	45.0	2923021.2734467494	88.0	3741958.4539102456	93554.2820011111	63502.66404932656	154240.12230948647
379.5751960095687	158.0	110.0	116.0	46.0	44.0	3072020.3565345416	73.0	3830938.562040914	99720.58390166031	67285.5108887568	162501.43007336935
381.9818724106461	163.0	94.0	110.0	72.0	35.0	3071835.2329825917	58.0	3765049.026210182	95960.2860912399	64938.68428578837	156697.83163746394
390.3974723054919	174.0	103.0	117.0	55.0	25.0	3137750.6536684744	33.0	2997492.4509202093	88426.66647136549	49209.604068724526	122897.1753999445
378.41140416565514	158.0	98.0	108.0	66.0	44.0	2712432.7871800032	68.0	3988127.592768991	102814.56754917896	62166.48600200029	154226.22602835688
382.26599719721435	157.0	97.0	123.0	55.0	42.0	2927562.944892454	58.0	3805174.8572348286	97751.86474043957	57325.22001380428	157630.4983855206
388.10240999546096	171.0	91.0	128.0	50.0	34.0	2932454.1340314113	44.0	3483264.1643766914	91963.92601019672	46317.718374440126	148529.7542828127
382.4329272566021	156.0	94.0	123.0	65.0	36.0	2794026.8237869237	57.0	3710101.0130528603	99309.24695861907	58667.6074766111	148477.6690262402
377.57449110178914	163.0	84.0	119.0	64.0	44.0	2867850.9583409913	78.0	4185477.115277654	98752.48955577184	67158.87759366678	169243.26587330512
381.7608380071985	178.0	98.0	104.0	51.0	43.0	2924176.4892050764	98.0	3537595.0148895932	99657.67581720445	61448.2388599681	143785.43441277952
380.1814319201425	161.0	89.0	119.0	67.0	38.0	2955050.953165473	89.0	3990961.4043729133	99409.52193718078	65975.94043010166	160978.6058243143
377.1046221812951	138.0	94.0	129.0	80.0	33.0	2858512.6271043755	64.0	3753456.629895664	100673.0338107835	62028.262857435235	156736.36466041734
379.23451489023756	171.0	81.0	120.0	60.0	42.0	3049069.2622336294	84.0	3890879.7544271164	102686.06163529518	55566.21144564151	157986.00634090643
381.0701279865202	155.0	108.0	110.0	64.0	37.0	2822239.0887843263	65.0	3872707.299907236	97476.53919394562	62703.0894674537	156051.628308173
383.8914897175629	163.0	98.0	125.0	50.0	38.0	2807266.6664554253	70.0	3636629.193357124	95756.53369775761	52868.9623670407	149485.39472087045
376.41647106334966	163.0	83.0	123.0	63.0	42.0	2885433.881915296	94.0	3899712.243000929	102436.3818326706	66380.92388324864	164002.48482146993
379.1066452135501	174.0	78.0	104.0	79.0	39.0	2914453.917828957	61.0	4034403.9785390105	100599.96047699449	60441.45248723875	160164.99037210282
376.04746083272926	156.0	87.0	120.0	65.0	46.0	3047876.2743012654	90.0	4168569.133775481	101062.06282850957	72925.12147122687	175761.27372099977
376.5502914224287	142.0	112.0	115.0	58.0	47.0	2984793.701429923	86.0	4337202.725874357	106267.3063473938	64822.99623603819	177936.91353405255
371.1551071169195	150.0	101.0	99.0	69.0	55.0	2936417.4220929276	166.0	4723220.844504328	111007.49318100465	74934.66714708523	190624.2525455242
381.85628661698865	165.0	111.0	99.0	58.0	41.0	3028672.9400733914	67.0	3927817.3487354415	100056.08577272372	54866.22040213663	154134.84381452572
388.78529214864704	160.0	104.0	137.0	42.0	31.0	3041548.611623184	27.0	3026893.9378865366	97121.64857726102	45675.38189604191	125674.53602647822
375.9589732810503	128.0	110.0	123.0	72.0	41.0	2666801.5317581086	71.0	4133993.1841740925	106703.08095896973	58546.67853508322	167753.1779313426
377.6812354645023	163.0	92.0	102.0	73.0	44.0	2946697.0032062875	58.0	3786703.153108581	100266.0546837151	61523.5068228497	153869.2938932809
384.870642787186	160.0	115.0	113.0	50.0	36.0	2872110.1080394424	87.0	3634936.1148198554	95129.46642639273	63039.74321479417	148004.62245681154
377.1685351718651	173.0	95.0	97.0	63.0	46.0	2903071.76304698	99.0	4105240.6011150563	98070.70024358148	68658.99332215865	159486.83555117424
379.6950998925563	158.0	97.0	123.0	53.0	43.0	3043896.2551647113	65.0	3783109.3619234487	97805.38118527984	66831.53567033747	155845.70859968348
379.5348927026928	166.0	86.0	119.0	60.0	43.0	2914926.6440546224	90.0	3785467.2702766797	97056.63747307299	64070.52911965677	152573.36536965286
382.52334869126423	169.0	99.0	113.0	48.0	45.0	2986343.281850456	87.0	3784811.615435165	100846.85441865728	54628.968474799985	153255.8629989261
385.9841647970736	184.0	112.0	87.0	55.0	36.0	2939928.8830177374	58.0	3372816.7015040573	91790.80019979985	49732.461224367966	137691.1742050157
376.3200749616688	161.0	102.0	107.0	53.0	51.0	2991859.5669703837	59.0	3869563.3971563387	100257.7809860059	59106.808916364615	160463.24623239503
380.4380284865116	170.0	98.0	110.0	54.0	42.0	3091563.966716949	66.0	3616091.004991999	98651.4342521469	56248.65200618894	149821.99639204185
379.5371460530281	161.0	100.0	121.0	48.0	44.0	2954960.8736522757	100.0	4074917.5769250924	105367.3567602445	56058.53453532782	161684.37162521912
381.0716739020022	169.0	99.0	103.0	58.0	45.0	2777740.408018602	72.0	3930206.456456762	103559.8384202533	59015.56394451583	163161.02976680148
378.722542600246	158.0	105.0	103.0	62.0	46.0	2719517.3287482243	83.0	4222440.618130047	106547.18577784153	63584.56300268127	170256.96482770066
377.819775362222	149.0	98.0	120.0	65.0	42.0	2805507.6350920326	50.0	4027890.710577784	102521.23755880725	57661.89097659955	158619.3059083526
383.7441440521797	163.0	96.0	120.0	63.0	32.0	2979568.5861228937	73.0	3320756.0432672324	95770.38769978653	49114.684510542465	141553.45865846743
382.8966525670852	149.0	105.0	123.0	62.0	35.0	2953524.450314607	39.0	3541652.05043861	98425.89454182447	60364.990602899685	140513.7223280064
381.7711295947274	169.0	107.0	97.0	63.0	38.0	2842879.8296591216	61.0	3700053.9868609356	97081.80427387984	62294.592115968015	151655.92594959226
372.1382635114211	166.0	89.0	107.0	62.0	50.0	3045816.484223468	103.0	4116604.3372368007	105188.58156727976	69551.10637296965	173287.83985882276
374.4067108071703	162.0	93.0	115.0	52.0	52.0	3152208.7896914342	85.0	4132138.0965527277	106745.96557442937	64965.414369963415	169253.23738551384
390.6425052912897	178.0	106.0	103.0	58.0	29.0	3023360.246455703	42.0	2960727.8850195357	87395.56456521162	43551.078698422876	117977.27249642921
365.54142648001226	130.0	108.0	113.0	61.0	62.0	2873199.802473412	131.0	4789305.080817258	113688.51463686604	66050.43532293686	190315.01617376372
374.97249298079913	151.0	91.0	125.0	63.0	44.0	2927901.1904186457	76.0	4020914.66904326	105031.83072960767	62225.30323950873	165412.6053886846
383.4422685293284	161.0	92.0	129.0	55.0	37.0	2916987.729606053	72.0	3573890.3793639187	97149.78247527202	55145.27871616886	146567.61004259234
372.5217655605709	147.0	90.0	114.0	73.0	50.0	2662717.3193826657	105.0	4942185.8831516225	104744.98805076093	76090.21027087135	198495.4458176583
378.96664573729794	173.0	87.0	104.0	70.0	40.0	2837092.469038819	102.0	3852823.1216791025	100634.39740030415	61061.652330444405	160913.43523462376
382.29573759070036	169.0	104.0	102.0	57.0	42.0	2785232.573168002	70.0	3846547.2860299745	96884.93596567778	62837.69521129047	156458.28965655007
376.3545818961406	154.0	102.0	107.0	64.0	47.0	2814483.534970578	84.0	3880399.5338086546	103099.59664726898	67665.8198407733	163054.71987880542
377.7837787865459	151.0	98.0	117.0	64.0	44.0	2720812.2329250732	96.0	4342067.432272661	102127.62708980351	56059.86205253861	176677.1609729848
376.79416628346036	163.0	94.0	107.0	65.0	45.0	2919559.903853736	77.0	3820095.7218233077	104003.05474265412	58782.91782165106	156747.1633879313
377.00308424014366	146.0	99.0	122.0	56.0	51.0	3082899.2775684022	99.0	4224679.680090633	103779.65537940277	63281.880501595035	167519.92244917812
378.2134776372237	153.0	101.0	115.0	66.0	39.0	2961525.2414618996	51.0	3934806.330115974	103432.25137202	58082.26007956534	159050.999334817
378.0860409186704	140.0	106.0	122.0	64.0	42.0	2815116.085118649	70.0	3691478.4390449324	100979.01558601794	53764.485011616496	150712.05354939427
380.67133029407927	165.0	91.0	118.0	54.0	46.0	2756554.2503694165	72.0	3750204.0580950133	101758.19575794126	54704.23477856969	148717.1504827974
373.2823552320105	143.0	93.0	127.0	62.0	49.0	2792808.419191929	80.0	4448098.918494286	107771.787055373	70122.1416988812	176147.2290000476
385.1308616173458	171.0	96.0	114.0	54.0	39.0	2892266.513789003	60.0	3823123.2477706755	90121.31188577518	51019.9740334623	148519.1216253588
377.06768604356193	161.0	105.0	96.0	63.0	49.0	2729887.9210424917	100.0	4213059.409209693	102908.71161765854	62468.874519344565	174108.2430697233
385.51637403444704	162.0	103.0	111.0	65.0	33.0	3162650.532299203	50.0	3233252.2799901413	96612.7947920121	49101.41086402794	139089.14957501047
378.37325308305446	157.0	103.0	119.0	50.0	45.0	2876428.5549750077	67.0	4047254.0111628096	103823.7654963074	62549.647593758586	166130.1274716059
376.1393308624776	147.0	105.0	117.0	62.0	43.0	2927752.329353533	72.0	3797215.431588446	105967.49414103868	66879.03374091182	157552.946516196
382.52989898441365	154.0	91.0	140.0	55.0	34.0	2990733.6337975357	57.0	3318068.1232205806	98346.0545599004	58296.96198098587	131227.10380838072
378.12153295417966	157.0	101.0	110.0	64.0	42.0	2826064.931091005	102.0	3918764.57768852	104039.00973242521	56927.014053525665	157825.0870673813
381.0033606312184	175.0	73.0	125.0	64.0	37.0	2940774.531066322	75.0	3925414.384867638	98947.6095792359	59876.15045853857	158141.82643925995
377.6574421184225	159.0	102.0	107.0	65.0	41.0	3020429.4931927198	99.0	3887644.717974635	100516.2652821862	69704.3738978597	163829.90806347062
381.8254503559335	155.0	101.0	122.0	59.0	37.0	2718691.0914194994	83.0	3770980.9080440262	100631.03234389369	57320.16681273683	155140.2015864781
386.017515814934	160.0	105.0	116.0	60.0	33.0	2910379.0969956275	65.0	3437664.10396959	98904.09273298585	53921.33251047699	144821.77488570087
377.21343979997346	146.0	100.0	124.0	57.0	47.0	2789642.140456963	59.0	4172237.5655942974	101866.95483685179	66853.19732666989	164887.9923380569
386.18287202737656	175.0	105.0	109.0	50.0	35.0	3031820.234905049	61.0	3304190.310417665	92876.66229749096	60226.87762853771	139758.16097734292
382.2589417934362	151.0	104.0	119.0	63.0	37.0	2812964.223002585	71.0	4054549.128456266	94849.79657994965	63630.1773287015	160745.4619129853
384.75283878956185	167.0	92.0	120.0	62.0	33.0	2975809.6524882345	44.0	3648829.94451787	97200.43712097536	50515.84848356092	148166.36093605895
374.630014441964	163.0	105.0	104.0	42.0	60.0	2966342.050665665	128.0	4288606.504202971	116137.47228822182	64514.28855898765	172491.90979542764
378.08742066723556	155.0	109.0	101.0	60.0	49.0	2835312.862124023	104.0	4385059.135848166	100800.31698162475	65390.15350598181	175370.93052154273
382.4760387644267	157.0	121.0	94.0	62.0	40.0	2854609.3263064073	73.0	3679559.4043697887	96957.45867000819	58644.88314478261	153070.46980154328
378.53145676650956	163.0	96.0	112.0	56.0	47.0	2854442.9396173977	86.0	3888531.5562603106	101514.0392993858	62647.33201360357	162775.89919545373
374.416364065335	152.0	95.0	116.0	63.0	48.0	2908166.504349702	116.0	4188511.1275315434	107789.04270094447	66700.82652902695	165395.08787613618
374.6417388116205	162.0	86.0	114.0	65.0	47.0	2757545.4813853106	140.0	4360615.502573134	101991.0673477628	73924.57261404232	175264.33753726544
384.63421677062	172.0	90.0	113.0	59.0	40.0	2904393.939788269	45.0	3787181.0425229426	98243.85462718383	56132.70987028192	152432.02430397176
374.3139202920212	161.0	99.0	109.0	62.0	43.0	2943116.139405624	87.0	4086528.4244303657	103132.12714135202	62189.25901591341	160532.23277424552
382.0276955124293	171.0	105.0	98.0	55.0	45.0	2946511.838475801	90.0	4090798.7948415186	97329.07307760842	57954.1079768358	160365.69577749516
380.9882836970892	172.0	84.0	130.0	45.0	43.0	2946260.0500513245	82.0	3305748.8679459076	98720.63015430901	55316.4375140697	135870.93611080776
373.86889719047895	157.0	93.0	114.0	59.0	51.0	2917136.5281019807	87.0	4464918.9100844655	104873.82265808739	67189.88357123396	183395.16538313392
378.31166619426085	158.0	111.0	101.0	60.0	44.0	2789031.970315422	97.0	3886410.9484229945	104364.07145340512	61452.379346369096	159790.0635045551
382.77968221411027	160.0	102.0	112.0	66.0	34.0	2897393.6576625365	53.0	3645576.1899058544	96488.17032849161	61598.06036051573	153503.6467014762
380.39758550364576	168.0	95.0	119.0	48.0	44.0	3028209.655669121	75.0	4020899.0657883645	102023.98369867302	63262.63269056761	160619.09719269132
389.2041781606076	169.0	102.0	120.0	51.0	32.0	2946407.888654535	84.0	3437522.607553676	92803.81574084882	57342.831857341655	138523.86826962634
388.7392039283584	179.0	93.0	112.0	66.0	24.0	3065239.087316165	51.0	2956259.3503988213	92640.2213331791	38923.4116888679	122628.38840148685
