DS4,0.0,1.0,42899.39585774167,540.6534577870934,2473.40858452243,2000.6631907577048
DS4,0.0,1.0,98702.54170100729,577.2136120728579,943.2325607420998,3248.5810173496448
DS3,0.0,0.0,21335.08413102159,428.7012587894369,821.5204814850474,781.8125054855326
DS4,0.0,14.0,74287.84309851461,661.7501290442815,2278.2733360486695,3283.11475247596
DS4,0.0,1.0,38838.48786297583,780.5828913065458,1943.1330360539882,1201.3542394002682
DS4,0.0,1.0,45108.286661497004,923.3016083284019,835.9378771170972,2034.9552531470015
DS3,0.0,0.0,25385.687918261614,390.43496464646114,1012.2775460834301,893.3170274006608
DS4,0.0,1.0,82655.2499588734,714.2414432757348,1173.3376357209013,1394.9947770150118
DS2,0.0,0.0,4996.78151457766,171.41270306824194,153.87038058013246,282.02031566560305
DS2,0.0,0.0,5362.029339219654,234.4051266299038,138.66828396831835,215.02142010418876
DS4,0.0,1.0,57369.01663945,981.9795628834747,1436.1137810501696,1950.9879757349963
DS2,0.0,0.0,5039.303980553475,169.69475460715663,74.6138641284798,225.88263192282668
DS4,0.0,1.0,71585.43611206638,465.5808929791092,1875.7235024295492,2219.6524097342403
DS4,0.0,1.0,35700.280102037796,851.0181269241044,1587.4658278724926,1714.6493690187667
DS4,0.0,2.0,34179.89923066309,711.0034686669435,356.3682497125558,1876.9429890375945
DS3,0.0,0.0,16341.815901802609,326.774352735708,114.59170888360585,486.16722384766956
DS4,0.0,2.0,49123.97326915387,773.9421665412917,1612.8208158090722,2430.6690890185964
DS4,0.0,23.0,65207.99224848134,733.9354450447095,1628.7915191957352,3045.298608086457
DS4,0.0,1.0,77824.31562691227,570.3589760344237,509.8313014625188,2618.051189755127
DS4,0.0,2.0,58205.45765465547,752.3188085993836,2864.524464349015,2136.359296093987
DS1,0.0,0.0,893.565817523421,103.37950152815846,4.992268245238342,26.2532802234941
DS4,0.0,1.0,63918.961327096324,616.6964538948325,1431.4477078195089,2685.979942292488
DS1,0.0,0.0,497.2680141538956,86.3511969708339,1.9285571149251275,18.44186628046968
DS4,0.0,1.0,78014.17211546484,689.7491674392115,950.4681998973792,3375.4256374441147
DS4,0.0,1.0,45870.612139398516,616.299860221023,787.7505994800791,1022.903507403063
DS4,0.0,2.0,68950.47625861428,331.68815253941335,4052.9585496367067,2388.805341474614
DS3,0.0,0.0,8882.428862907476,479.67344859503265,60.175248000063824,436.1258824661696
DS3,0.0,0.0,24557.349286582557,266.1701754746161,430.9203698650851,1036.127753113299
DS4,0.0,4.0,26921.54132650302,428.8377172046739,169.53038660639731,959.5169855736012
DS4,0.0,4.0,22771.21245427526,522.1400171091025,127.89457949516544,1228.2065144417645
DS3,0.0,0.0,17771.5397790016,279.5207618638683,337.92697838216327,1046.6755459887895
DS4,0.0,1.0,62576.36035061869,623.1462412571975,915.5990250432519,2634.7342559376743
DS4,0.0,1.0,71729.51313483926,646.0788801378551,626.2086773101507,2707.7700436956725
DS3,0.0,0.0,12388.551845637043,276.001169271713,175.07465232802952,430.5429524950251
DS4,0.0,1.0,47245.25882138236,625.2429839940942,771.3227958062596,2249.4938985703648
DS3,0.0,0.0,19974.219757645573,294.26376556926573,356.20788505894365,784.8579526013668
DS4,0.0,1.0,84346.94270108719,524.8681675607586,1457.397112442829,4189.242402685228
DS3,0.0,0.0,7399.4788911937885,606.6827651487315,71.38033324315158,448.2717672536571
DS3,0.0,0.0,6338.876323117971,331.76683772980334,76.97136152262212,280.95643878468087
DS2,0.0,0.0,7577.17193547346,170.61675433636535,109.70184684668997,350.61048487088374
DS3,0.0,0.0,12270.598943820074,295.89791656842857,130.32713798754557,539.3085014079232
DS4,0.0,0.0,22292.547069553544,487.7524394414585,245.40551960666212,1135.9327264102421
DS4,0.0,1.0,47466.345454126276,494.2649141519161,1611.1228179023676,1946.2017639025737
DS4,0.0,1.0,31068.373863015455,597.4257498047716,214.58877795150755,1240.3036189399595
DS4,0.0,1.0,41680.50445955433,413.1775180218431,574.8596989103547,2004.166997112401
DS4,0.0,1.0,50321.91467758588,306.4491372558992,1393.303249674902,2694.8558682645653
DS3,0.0,0.0,21160.40404103807,365.76037361519195,264.9340274845002,1158.5432042094658
DS4,0.0,1.0,82768.3292235879,776.6387127069606,2323.325824886669,3067.221424560561
DS4,0.0,3.0,36971.85231673182,588.4098853683339,209.2954008885518,1295.0970616350623
DS4,0.0,1.0,34112.546269636965,383.01083235292657,278.45642270930966,2282.4026982991163
DS2,0.0,0.0,6732.754102802787,154.45619280552842,63.568398281823114,398.4276346435237
DS4,0.0,1.0,54673.6035852807,633.1833880801526,1022.7986821662791,1388.0283847129622
DS1,0.0,0.0,413.5294536202724,103.59073640909673,2.503229043960926,25.10859255648459
DS4,0.0,1.0,19573.547430968763,401.7680900393136,728.161831641325,937.9979839273354
DS4,0.0,6.0,52450.50832033673,773.8105807926298,593.5855273868658,1703.137834706649
DS3,0.0,0.0,13883.77107650871,242.00535351939016,250.35732800044843,465.73799980730456
DS4,0.0,1.0,43482.9847854536,587.7597432911226,893.1007402450296,1530.1111241796887
DS3,0.0,0.0,13701.132826079845,229.5836774969265,161.22325818370328,506.7947056314663
DS4,0.0,2.0,30913.383312944276,707.7209524678738,663.4107341201333,1200.2172856237592
DS4,0.0,4.0,25979.592637709284,600.8007043119425,666.094563100019,985.8038103301321
DS2,0.0,0.0,11234.86200118451,270.904215971408,213.39605300110367,335.7568869451305
DS4,0.0,1.0,39422.57128576947,722.2717336253094,327.351387438499,2348.261433032062
DS4,0.0,0.0,21354.351755268788,447.79942363400954,536.5652768860398,738.6337050154616
DS2,0.0,0.0,9921.208660467184,190.62047904670442,60.867077630356846,359.3564168938334
DS4,0.0,1.0,45339.72068292636,628.2924905882653,1140.2239319747187,2043.1878764242392
DS2,0.0,0.0,10833.251227132943,237.45164864881522,87.60109269822858,329.74821225562465
DS4,0.0,9.0,58588.50714041347,450.3032686125315,2356.211326501433,2144.711698399159
DS4,0.0,2.0,108655.67192545254,702.3771337140963,1505.911314672349,2786.1645447622636
DS4,0.0,1.0,70585.74190536593,592.2482277083441,525.6961438345179,1587.0205739409976
DS4,0.0,1.0,84676.47954292469,300.85021919200597,2134.184425522589,2907.507588163179
DS3,0.0,0.0,24735.761370962948,379.8668527460904,276.66635014862266,1190.5449681290193
DS4,0.0,6.0,41955.03129812385,485.8784940875906,1043.1935260192258,1991.9683925063678
DS4,0.0,1.0,96535.84173151813,515.2378408228243,2377.448450212902,2772.567834666532
DS4,0.0,0.0,24715.70257444204,607.1907570766873,492.9444850830887,801.200943164316
DS2,0.0,0.0,4449.478197986091,328.3491663984864,61.4650498487081,239.30993643131617
DS3,0.0,0.0,30416.94093026344,269.8432235144777,320.8069044811422,1097.1429565968178
DS4,0.0,1.0,17069.62937894463,991.4721561344797,726.6991123025855,793.1096691547641
DS2,0.0,0.0,4619.989304007937,281.4921779093518,59.7922599441601,180.69885186819178
DS2,0.0,0.0,6759.957905088295,175.25971123978357,52.57317387803092,239.7903482944572
DS4,0.0,1.0,23221.95812496056,779.196574894969,690.8851804741106,1050.83938154421
DS4,0.0,1.0,23476.429755764562,736.9601515208066,404.9169130715933,824.0555617975599
DS1,0.0,0.0,520.0728250602845,135.39567951598482,4.251925711242612,34.054821088386525
DS3,0.0,0.0,11082.756792056787,376.97236335682567,204.0303990531044,655.3492372076572
DS4,0.0,4.0,26636.969983966024,647.4125709669884,150.43870022608544,846.0301156848426
DS4,0.0,1.0,68244.68804946012,590.1287040478908,1846.5902717763026,4232.804262085837
DS4,0.0,1.0,86545.4953413454,662.1823277049384,482.68105031628625,2171.1618268627067
DS4,0.0,0.0,32556.069828311127,609.1297408802071,554.0859045265858,1003.9512094227618
DS4,0.0,1.0,22661.484867478026,652.922230697805,437.18354141621495,1087.7963412200681
DS4,0.0,1.0,74713.94214840066,752.5853577851464,731.0934393781141,3537.695521673332
DS4,0.0,1.0,36667.57711746638,573.8200640449052,343.78669763899285,1186.898937048507
DS4,0.0,9.0,55512.43323886943,476.5426314638161,436.04148192427755,2060.0521371193486
DS1,0.0,0.0,666.5670586450265,146.12496078143468,4.9372800999153075,51.64170170756071
DS4,0.0,1.0,28245.803909082468,632.341440222751,276.4861577231404,998.2398884291065
DS3,0.0,0.0,19650.295483308088,341.90124177003315,78.54075358611752,884.6627753497523
DS4,0.0,1.0,28170.327241229592,571.6070613254642,916.4304859139047,946.8303553456226
DS4,0.0,9.0,47468.52766473702,756.5918816721946,2151.964753699639,1772.5257405139462
DS4,0.0,1.0,68845.11197589403,505.0223516989995,2479.91029680094,2221.534155482524
DS4,0.0,1.0,69696.53219516418,461.9548160584309,1604.9903102728813,2642.812792293974
DS4,0.0,1.0,65706.28738232862,609.9165321001442,790.5399046920647,2419.5474451655487
DS1,0.0,0.0,420.0515725821665,79.69085606895305,1.2761660250607925,15.029790751252921
DS4,0.0,1.0,85963.56459519011,841.4865267597806,1710.320269014256,2563.647276960046
DS4,0.0,0.0,35706.24386256491,596.0867531422239,300.4557105995186,1499.90015196076
DS4,0.0,2.0,82001.28076702422,560.6167027097849,366.18903117699523,2576.7406904890936
DS2,0.0,0.0,2090.8165987496036,400.05264105700275,33.7930513457625,95.90477488646997
DS3,0.0,0.0,12653.293979110687,591.5002498213632,198.82492377130984,383.413909913183
DS4,0.0,2.0,124419.28059190031,806.7812739714662,2325.1219233679913,4482.674348182458
DS2,0.0,0.0,4032.485404193797,187.06817144522336,49.853668569132324,243.36589479776916
DS4,0.0,1.0,63500.990201199296,889.300497678524,1487.4166635057384,2769.2120128634274
DS4,0.0,1.0,16525.831196033578,525.6550545251225,426.5938056000143,886.144143706303
DS4,0.0,2.0,29593.87553646716,539.5346082531621,561.2837308914552,1028.5758803672343
DS4,0.0,0.0,26241.392763288397,545.8170100779639,87.91089845405268,1072.220691097971
DS4,0.0,1.0,91668.21777209318,531.8536339156905,641.270029735685,2492.0285708974293
DS4,0.0,1.0,83282.20150442365,460.8360524382414,1414.8868200765742,4046.98913618559
DS4,0.0,0.0,37445.8268896537,536.4264163006366,389.74045965290503,1595.5558723426875
DS4,0.0,2.0,75963.04370677342,777.6590706260306,2043.8344045090785,3181.688475277593
DS4,0.0,9.0,49565.580169753724,566.1826451181275,748.5265362293227,1853.4409067001989
DS4,0.0,2.0,173989.56871623747,679.8355247010304,1754.4104793530048,7289.708380198035
DS4,0.0,1.0,65971.75637099252,487.7761593260519,347.98177820871365,3533.264190395257
DS0,0.0,0.0,0.0,230.80259330285145,0.0,0.0
DS4,0.0,7.0,70189.90805131289,416.583105616039,572.0780616469013,2715.072125624738
DS1,0.0,0.0,839.7059872014665,128.64168207095966,14.679286036996801,81.0245261436636
DS4,0.0,1.0,49892.797738912195,908.5750425544088,350.77334164499143,2762.779472443214
DS4,0.0,1.0,49886.14910182648,530.0161046984432,925.3508100349501,1161.3824682626907
DS3,0.0,0.0,6384.88416600472,212.7299330818676,90.98509098610867,411.6887807675081
DS4,0.0,1.0,24864.7566121547,671.4727183195729,108.8194814396394,754.1719858133006
DS4,0.0,7.0,60095.547530407704,763.9188523423068,917.3941788166875,1753.073980871342
DS4,0.0,2.0,25186.38354146696,716.7784074970702,474.4704139545351,1387.0479276640694
DS4,0.0,1.0,50235.7565403801,799.1523870754775,888.1807770944296,1779.4440224645746
DS3,0.0,0.0,15369.778885609425,380.62808979000397,393.76245085033867,743.3351775296669
DS2,0.0,0.0,10304.519518057728,156.34557153316723,139.65554569521194,428.9398888055089
DS2,0.0,0.0,8941.796101454876,258.1303447569355,157.06019542521466,499.0319242068398
DS4,0.0,1.0,65791.28259709656,517.8141726934315,322.9318736385618,3205.5590031455863
DS4,0.0,1.0,58979.79484050913,819.8600521315325,932.9476156170942,1630.673841993755
DS4,0.0,1.0,82035.22924989581,567.3899839389985,947.6015305418699,2635.7978338201597
DS2,0.0,0.0,2833.7409560509996,204.8309321928701,30.75719406781946,136.34503948504164
DS4,0.0,1.0,49992.89650901297,378.69048125425786,1333.8566643056306,2747.41373756031
DS4,0.0,2.0,71838.22322950778,555.2618346188362,319.0271680081751,2860.1094510248668
DS3,0.0,0.0,4741.831087548408,246.7799604346827,123.88070800631571,198.34736233851459
DS4,0.0,1.0,32116.442273667642,686.6200181642643,979.9158309220011,1512.9579562586682
DS3,0.0,0.0,8309.716765903297,325.27988475921546,88.34080949404577,334.2052118708077
DS2,0.0,0.0,5363.484301730619,150.4505374214507,37.79010807524497,205.63621504157902
DS4,0.0,0.0,18792.779695912875,721.6454807997576,269.58251974897803,716.0277069456632
DS3,0.0,0.0,24507.09577788793,305.1581892665177,244.3607852950333,1270.1577925509193
DS4,0.0,1.0,29252.318555413527,633.6033340383399,435.82562499280266,1318.7449997553185
DS2,0.0,0.0,6874.091541218015,263.3963343341316,33.396165737667005,243.42862826379914
DS4,0.0,1.0,64343.416659159746,885.3012134387023,818.900717641185,3075.608417068041
DS4,0.0,6.0,48677.02748622188,573.8988637014263,456.5838890451926,2531.927392349747
DS4,0.0,1.0,51274.24932390117,645.5135333975132,2432.645099323913,2276.341342073432
DS3,0.0,0.0,23607.193463038264,239.0436429301956,128.36617680848042,705.7992097922894
DS4,0.0,2.0,86043.77031947905,652.5609099265728,5709.81177526709,3716.54337231266
DS2,0.0,0.0,7331.1160687707525,256.64957693499326,175.82085577300947,286.21597941693904
DS1,0.0,0.0,389.7250814371187,1094.3278484570085,3.271149319211718,19.610731840430756
DS4,0.0,1.0,35826.84821753715,519.2390301864779,392.80282631852225,1086.2117396378676
DS4,0.0,1.0,31896.86393409131,749.4637861442118,1187.289158854078,1730.4613201157772
DS3,0.0,0.0,32819.35887084229,399.1707062923115,1346.9462836330852,1134.3892253799058
DS4,0.0,27.0,83293.34086889873,989.07011764452,3571.331744047651,3527.9698687046657
DS1,0.0,0.0,226.78645522505397,135.30620558913887,1.5043458426733827,11.92663529708335
DS4,0.0,2.0,43034.691994454246,760.3082825997025,1683.4134637424834,1570.601582468359
DS4,0.0,1.0,51915.35182916174,860.9273808823492,1556.2819928917872,2061.7400513160374
DS4,0.0,1.0,30933.682334366236,476.9956474762473,1992.5648812822787,1324.4646895151384
DS4,0.0,1.0,37834.87290270806,634.4603842914325,1536.635702984673,1359.1415179104974
DS4,0.0,1.0,44636.07820304499,668.3732502322032,1746.3065666495943,1986.4913442794755
DS2,0.0,0.0,7847.613012422882,182.16821640379223,77.60530317363899,255.5635214274848
DS3,0.0,0.0,20441.89491460016,293.21146732884137,1088.2670185018264,1245.829971194951
DS4,0.0,1.0,57490.25694435893,650.0225749853371,377.0156109979889,1604.7838144886257
DS4,0.0,1.0,52175.04461767872,587.3017262356477,636.7867736644105,2024.2496919240461
DS3,0.0,0.0,33317.29945094823,291.57084974639815,602.3127185815005,959.2698781003489
DS4,0.0,2.0,66678.31677715328,890.6189576238276,2019.354903454283,2278.4802537681294
DS4,0.0,23.0,49415.42686566826,727.0631039947334,4023.2580846796254,2284.9441825991307
DS3,0.0,0.0,14711.81245419021,451.65141452965383,235.7273592434745,371.9312493203122
DS4,0.0,2.0,54874.62060978978,738.8159905579001,2027.5569148720374,2305.150212982865
DS3,0.0,0.0,14237.565811505563,282.7209474731011,775.8207888111334,1211.9348770215252
DS4,0.0,1.0,55203.66021852684,630.7996202816657,714.5007568186189,1818.959419170441
DS3,0.0,0.0,25848.067131428743,417.0816740913235,222.73458877060975,1127.7803029283748
DS4,0.0,0.0,38715.923942363355,674.2138206209413,204.23699377102514,1302.2021174549063
DS4,0.0,7.0,77007.27055208036,323.01841243958654,929.6439471949614,2546.6805344764393
DS4,0.0,1.0,67345.15592785041,612.6876107978208,325.37244708513566,2281.3599729267016
DS3,0.0,0.0,14539.641063736977,253.69402080790948,81.35945026045741,635.8130362991183
DS4,0.0,1.0,59667.10727472766,650.8341204946565,785.3752616978318,2175.0568904407733
DS0,0.0,0.0,0.0,36.109446292926386,0.0,0.0
DS4,0.0,1.0,58706.12854265879,561.7545761156673,1169.7418883052742,2441.530571690973
DS4,0.0,0.0,21495.626221086237,707.2943007018587,77.57572170080593,746.4307451041369
DS2,0.0,0.0,2676.891267361275,539.4680322961741,26.826326535281606,136.17686479417839
DS4,0.0,0.0,31313.34146536333,623.8974286030339,248.9531723960594,951.9350643113319
DS4,0.0,1.0,75290.58783781776,730.5920888546458,1423.3312310891577,2213.793314093657
DS4,0.0,1.0,53441.28429863218,420.9363141944976,948.944303866683,2298.41337981091
DS4,0.0,0.0,27634.03579043009,895.8415435983512,1467.4646579633718,840.547384570169
DS4,0.0,1.0,26858.169221456214,608.5236497855201,243.89851681159166,999.7574138000341
DS4,0.0,2.0,76691.44954333553,545.008928381429,1776.7527543365493,3143.7686080720514
DS2,0.0,0.0,11639.290853282824,287.64847018055485,122.26426711681182,546.7657009012714
DS4,0.0,1.0,87403.93318464178,466.04768577951523,551.7660712011182,2589.5547359266966
DS4,0.0,0.0,17707.688254464538,803.2016879948627,107.02899764259746,550.1496880539909
DS4,0.0,2.0,74256.34966060851,719.9652165697337,425.46002967328366,3993.863208768472
DS4,0.0,8.0,64838.16284532436,590.7445220187736,1309.254047617469,2200.1486869610326
DS4,0.0,0.0,16914.20740480899,448.5414399062446,472.2993350423898,963.311716433056
DS4,0.0,1.0,70124.38320930736,765.1198118276789,757.3520038259377,2573.969356674829
DS4,0.0,0.0,26940.81700749758,508.2375080388086,225.09222632942036,1190.111762159893
DS4,0.0,2.0,57471.39231502537,585.3801463606756,376.513147153369,2387.54453580086
DS4,0.0,0.0,17002.764863153363,792.4335672100368,220.0581749645809,616.6117023703872
DS4,0.0,2.0,86650.65688341972,496.02816656336347,1064.1046621742414,2837.368404961898
DS4,0.0,0.0,27970.33478674079,470.9611258465774,361.6696499446256,789.5952441426666
DS1,0.0,0.0,585.2544884862853,80.12307448855711,1.6319596060462458,23.527336457245767
DS2,0.0,0.0,4950.789126417015,166.94168780862023,29.680356658847977,203.82445228606852
DS4,0.0,2.0,93509.96322586398,427.7319779883451,751.9408980469836,4325.769159468292
DS4,0.0,2.0,46900.659406575476,693.5202413848316,1053.9009308469297,2166.6519922041202
DS4,0.0,1.0,70260.11457778394,767.1563002382204,765.3848521771782,2378.9264932032993
DS4,0.0,1.0,53410.177548959546,510.4441103225271,915.0161431960587,1929.0758494259592
DS4,0.0,2.0,74882.07321139581,363.93973609337013,948.1637646371612,3358.957114394847
DS4,0.0,2.0,110164.60969910736,523.7539834665238,1043.2382142976708,3797.035502164392
DS4,0.0,0.0,18839.82810411804,824.7051708786955,439.3509185831742,857.1269055651941
DS4,0.0,0.0,32686.557763466837,523.0951253816462,426.5951813250729,1028.8628234639696
DS4,0.0,1.0,40538.333680216616,564.9993122262498,395.6059862217629,1584.709396028841
DS4,0.0,0.0,16347.38332293094,647.0417398798917,863.7260005145782,573.4408029691051
DS4,0.0,1.0,39816.18412296446,476.2833520849105,703.9339605201476,1726.0818472107749
DS3,0.0,0.0,14970.228457556925,324.06310405936415,119.33362136209007,526.2432983342622
DS4,0.0,4.0,38449.51844883608,809.2406436520293,1278.7112208246763,1756.059677996831
DS4,0.0,4.0,45870.3278925914,516.1549049474773,697.6780154895577,1559.5324222099962
DS4,0.0,1.0,40090.8470487226,527.7683354275192,673.1963722712069,1622.624304798591
DS4,0.0,1.0,73983.09069349378,631.5045873051107,1214.1190224833215,2194.016388526465
DS4,0.0,0.0,15980.358382760722,669.5957524201162,163.11473947297307,650.9050230726447
DS4,0.0,1.0,39357.2821665361,709.5145820331232,649.5132246273986,1629.8786791827001
DS4,0.0,1.0,44079.37350435596,837.1250141924613,1274.450144827061,1805.2785141780537
DS4,0.0,0.0,20384.54668279594,578.8656821467368,277.85830148500315,933.8924890051062
DS4,0.0,0.0,31503.60405014195,592.1977560031261,669.276951276933,1138.9825289282544
DS4,0.0,9.0,30758.12157462592,819.628658504253,270.20391940407325,1513.033901678435
DS4,0.0,1.0,19045.87193377071,719.5478784810742,630.8228460240329,696.0384730499043
DS4,0.0,0.0,15092.103758702315,559.8061905765975,381.1210832060078,789.6653180176984
DS4,0.0,1.0,84282.03989428499,482.6350055594198,699.121292527524,2105.990828970466
DS4,0.0,1.0,72610.09218944504,815.2798877111769,777.1240177979943,2750.1193064310123
DS4,0.0,1.0,22994.035846392915,494.97863785853974,184.9863989461403,941.3714655369745
DS4,0.0,0.0,14848.648399995705,499.19992209897225,164.20964173232716,755.2971821321596
DS4,0.0,0.0,16376.771796483925,573.9947805333352,338.4804844054596,554.4147164252026
DS4,0.0,1.0,62657.49977250977,523.2316748865784,624.54275427119,1867.0738955252395
DS4,0.0,0.0,15893.824119366278,563.8372395610347,453.35902450283595,764.9581463998954
DS2,0.0,0.0,9254.012302604127,301.15501304838597,80.41334934613346,441.08330027984175
DS3,0.0,0.0,17016.144281429864,371.0660154897643,131.85652699275144,617.1210326527918
DS4,0.0,0.0,17511.342947231075,566.9865694931257,205.94155746997984,511.8374667818439
DS4,0.0,2.0,55702.68952501617,457.51533277520775,349.02242045072506,2453.303879262024
DS2,0.0,0.0,4888.258502144058,260.89093371422035,25.294767777757787,200.60351645784073
DS2,0.0,0.0,1682.4897547739406,235.91722882043905,40.247212943423754,68.6016935639132
DS2,0.0,0.0,8401.571568614045,251.84318389778971,64.13184539575771,280.15710904083676
DS3,0.0,0.0,21542.055738653882,331.6213361832258,274.98849783375454,513.9420556919332
DS2,0.0,0.0,6250.501745145889,258.73423255274173,105.74847974174078,372.0977423898289
DS4,0.0,2.0,71219.59820879494,689.7145535847683,863.2718979546404,2411.801894283019
DS0,0.0,0.0,0.0,287.9923218269002,0.0,0.0
DS2,0.0,0.0,2544.7616634998803,167.6058138123843,23.059823533036234,123.1448522589704
DS3,0.0,0.0,6843.677151689939,270.91492206859175,216.58455934609793,429.286732542589
DS3,0.0,0.0,14063.441974499216,223.33855446487308,117.55627744680173,638.4859669305813
DS4,0.0,1.0,21474.786461592117,579.7209791982864,114.3179968535917,1162.8613602758742
DS4,0.0,1.0,21619.943284293407,835.7627466420097,722.408517746972,989.4607891797439
DS4,0.0,1.0,63084.285125987015,899.8226113324579,1238.1246853410933,1949.5150363468485
DS4,0.0,1.0,43832.907080477205,467.62923802497426,442.0580739856057,1934.879228928545
DS4,0.0,1.0,89164.27001576612,641.1843925781413,1090.248273687017,2687.4643776990983
DS3,0.0,0.0,22203.491780956487,299.772404090164,149.87167706835186,1044.7880721316735
DS2,0.0,0.0,10846.607789933607,196.32062881389587,124.80339901255846,549.020049043328
DS4,0.0,1.0,25063.72057132658,533.0737180041017,177.84653721510796,1066.787853861194
DS4,0.0,0.0,27824.615827983653,645.1666586192925,501.3743091457005,1113.0636915906857
DS4,0.0,1.0,31234.046887728244,588.1995893770459,1447.602469787033,1176.3971853049932
DS4,0.0,1.0,66869.6998038468,504.55732023643156,1218.6208435877277,2368.543559505281
DS4,0.0,2.0,59900.28374583179,550.7115932300314,932.0145163084587,2818.9025166397873
DS4,0.0,1.0,19636.290307072773,470.7969949541854,394.58232752656045,573.7980441331339
DS2,0.0,0.0,3604.794780451878,201.0781955997001,37.254038079924236,138.32103546210877
DS4,0.0,0.0,19574.00255848197,575.2599020086209,356.90288628443227,731.4816935354529
DS4,0.0,1.0,54174.57428848505,616.19365320911,269.36683888671587,2915.5118103242003
DS4,0.0,1.0,84339.11238185635,576.5366135009365,306.6812011857678,3544.6269927673457
DS4,0.0,7.0,69914.9998853671,625.6452948746967,480.11907724221123,2941.015900949853
DS4,0.0,1.0,84262.62067180395,784.0129926772627,474.7916269008159,2069.0509057133195
DS2,0.0,0.0,5702.639076732788,243.76173425965226,87.96739460314562,337.4277411885868
DS4,0.0,0.0,25822.87269038455,621.2146122861707,256.7943238402043,926.0245028552213
DS3,0.0,0.0,51813.35664380757,356.04180905281794,214.9965601145084,1201.6457089865348
DS4,0.0,9.0,106626.22073924163,411.53779088894026,609.9801561753077,4354.57023271684
DS4,0.0,1.0,45198.91514712339,505.01590740974984,262.42365608050943,1747.2976190583952
DS2,0.0,0.0,3339.713890660172,237.7466225504697,35.855428496364695,130.452850790656
DS4,0.0,1.0,21776.07956801833,716.260271855736,199.81187408784686,975.9573877068735
DS4,0.0,2.0,67679.41262231854,340.05143710040625,383.41560322775535,4351.730455960133
DS3,0.0,0.0,16704.7774034403,302.9709088378038,154.03863361363278,813.4890940164578
DS4,0.0,1.0,21230.433824227614,719.2335224139866,512.664538667241,862.3512148637217
DS4,0.0,1.0,49018.621813839614,920.5824048660918,1062.4789956984898,1871.2789461018633
DS3,0.0,0.0,17530.60346277382,296.6405152218422,521.8363295908238,712.9772406971309
DS4,0.0,2.0,82067.83532807598,782.2058965906278,1251.339812575908,2589.422361295552
DS4,0.0,1.0,75348.07873667583,538.9036546113293,1900.069103883916,2999.381593745141
DS4,0.0,2.0,51393.54284170833,869.6714341115126,813.1223494105006,3021.8114411311453
DS3,0.0,0.0,26677.47024042379,205.23978247473244,276.0355088701831,1373.847562575103
DS2,0.0,0.0,2186.915469781167,212.2984060735944,17.412624725791158,119.26840065163464
DS4,0.0,2.0,17448.759545410026,752.5655094672458,80.92113925807303,820.3728476310152
DS2,0.0,0.0,8100.969245288087,213.22822617872419,71.95133743781912,308.9977498865183
DS4,0.0,0.0,21293.407439868446,435.2359147524953,446.05566677735294,954.1848894450732
DS2,0.0,0.0,4612.890427688971,265.45401889534503,30.708245631670053,150.4310495344191
DS2,0.0,0.0,5406.179722690607,297.66303848799356,82.67191566487821,163.85643678588852
DS4,0.0,1.0,57953.13207880444,560.140249514727,1023.3162845203079,2605.9595202633855
DS1,0.0,0.0,1074.555557758597,127.33474873823393,6.161641094761206,59.66824759282423
DS4,0.0,1.0,32578.98751802445,564.7317542433603,566.6097360071785,1069.2102870910187
DS2,0.0,0.0,2329.587792342059,187.61335806837693,49.59333938511208,122.27057409836155
DS4,0.0,1.0,36711.296087781346,685.6848890134764,2077.742500451759,1448.0825870758517
DS3,0.0,0.0,15569.530251745848,350.13365646049306,92.95015694309113,708.6170315240315
DS4,0.0,1.0,21661.269982497295,534.633635838996,442.7779955639654,847.6980062710252
DS4,0.0,2.0,95607.16337727013,606.3836441136341,918.237093764566,4074.3376490029023
DS4,0.0,0.0,26268.657856653663,578.1932873947219,580.4931974775534,1143.4324676281035
DS4,0.0,1.0,51993.02351606604,702.1283722516406,263.45004575472177,2168.0508054005127
DS2,0.0,0.0,11115.455261780999,290.17128914525995,188.74506865908157,354.1591814816468
DS4,0.0,1.0,48730.46598291829,666.5696914064164,1438.8473783964098,1797.0083190939176
DS4,0.0,0.0,20619.54772076289,646.2216015763969,617.971210881576,1159.2939248638588
DS3,0.0,0.0,14229.885343438222,289.6144691364846,252.79601638453698,702.1317843854512
DS4,0.0,1.0,48412.89806890173,585.0020733262288,1170.9912135855307,1622.2041248632938
DS4,0.0,0.0,29580.584133901808,590.8348525604247,764.6934724210456,1056.4667372460515
DS4,0.0,0.0,18020.043609561922,1016.3856838043373,229.21723679445068,534.695617798897
DS2,0.0,0.0,5442.1056197449325,196.50307643726592,137.75169319882207,416.3047546222705
DS4,0.0,9.0,86946.07510769219,574.9789236857332,1274.389673263023,2925.6641069119196
DS3,0.0,0.0,12906.878391235958,418.5715550379372,124.75143923243333,416.8223878823521
DS4,0.0,1.0,58596.86914689644,735.9299840408913,941.2206684623736,1621.7907971470654
DS3,0.0,0.0,21612.42056918789,285.33041404531446,316.9186711795184,1151.8242516780654
DS4,0.0,2.0,14037.304457492932,640.5225469584698,100.22600562439989,505.1490682187927
DS3,0.0,0.0,22332.945440370167,302.62795865882794,652.518865724567,707.3637037524743
DS2,0.0,0.0,5252.860427806586,321.9880739286281,129.17844439204936,300.7606643393103
DS4,0.0,1.0,41399.91422380066,553.3173825848229,335.60289348030375,1565.0345132739167
DS2,0.0,0.0,1876.633611441209,245.50873710643336,45.75861666678338,167.81498103162386
DS2,0.0,0.0,3843.3236720081372,302.82558166071897,19.094608484167747,157.97785985116087
DS3,0.0,0.0,20038.809981676914,412.64732998128795,192.3406342308927,1200.7830470938788
DS4,0.0,0.0,17065.53667891354,610.1439918457652,817.5879603359497,928.407015569365
DS4,0.0,1.0,64420.63437329827,547.9076396163738,771.3588638254779,2456.634326007611
DS4,0.0,0.0,30033.285690075154,574.6045092470786,128.90192664989215,1726.1643972581858
DS4,0.0,1.0,60871.732108072974,928.0810518668402,274.8453993581636,2491.9852612429286
DS4,0.0,6.0,36182.33694509598,532.1363217367245,955.6128046833232,1234.7070486497978
DS4,0.0,4.0,23218.47878338291,624.5622236006027,422.9132712485082,1370.7081730653326
DS2,0.0,0.0,3077.561910202466,236.94796265394507,23.256237811334664,105.61799938833195
DS1,0.0,0.0,1314.9024693662222,82.31115997138359,3.8545765062256527,42.581859304492006
DS4,0.0,1.0,19921.793202302368,1012.8325822506406,208.09015193689208,757.4894417738356
DS4,0.0,1.0,65648.16871252848,514.3641270945584,876.6664110876617,2610.6824985890216
DS3,0.0,0.0,14789.980125425653,370.44608781966417,310.1653550942984,479.689361329979
DS4,0.0,0.0,24604.115132878127,590.9297738790879,489.6936046005637,830.0482921828936
DS4,0.0,0.0,24684.680842011323,950.1804444949623,418.68482666010345,1010.3057092920453
DS4,0.0,1.0,71308.04016549586,774.2465633814211,384.7629605211706,2671.8658633454506
DS3,0.0,0.0,18345.71143092407,276.2448709076042,227.88386267638123,762.4699493430163
DS2,0.0,0.0,5038.824207219822,238.91633162429582,30.275763885272703,144.32890692887787
DS4,0.0,1.0,102654.95550982203,758.1460019969329,1136.3894193840254,2327.0506966292596
DS2,0.0,0.0,6640.8841727568,380.48762058309,52.45389920476196,395.9674518150609
DS4,0.0,0.0,20548.086389275304,480.4352732672447,393.0103154684802,1166.362639954327
DS4,0.0,1.0,34766.23344284178,672.3237069317165,844.11903135119,1285.290409959323
DS2,0.0,0.0,5574.33333451881,208.08884240753926,47.10904083875756,318.2343357380114
DS3,0.0,0.0,5637.822236785966,154.0532268971577,98.30167154188513,228.01622292610494
DS4,0.0,1.0,57740.08513896991,764.4482586460688,885.3939723131813,2111.726691471078
DS2,0.0,0.0,683.6000206953508,303.5678537439393,15.621404980381328,25.00702683062503
DS4,0.0,0.0,33143.16502147754,847.282137870705,1001.8732675606283,1330.5630589281004
DS4,0.0,1.0,26439.855514600837,712.820799314441,1094.3077053553889,1198.1526702681283
DS4,0.0,1.0,27505.93468598341,1036.3153361779187,2288.4110173909985,1638.1298883373172
DS4,0.0,0.0,33124.512450855604,736.1680946421799,145.37560611800532,1020.557962191665
DS4,0.0,4.0,14589.673873554257,444.42609324073214,481.45724022633493,533.2457600137658
DS4,0.0,0.0,21402.984879682877,707.0124284742978,1552.7197606987033,999.9531805112481
DS3,0.0,0.0,11973.513275660513,396.4496906670535,457.09441205026525,531.4153486298462
DS4,0.0,1.0,47435.78213978746,1039.3723708215825,2786.1124458700815,1120.7441669909927
DS4,0.0,0.0,15267.042280164416,497.55243104750593,700.6009110006759,676.4265502540193
DS2,0.0,0.0,3116.198550914113,236.93316870063208,64.55210442689253,138.97696826526186
DS2,0.0,0.0,2356.8302162738146,312.48536821070945,159.50199939722307,138.79510621099075
DS2,0.0,0.0,2955.5482840701434,283.36656216064443,100.83397945530598,133.68287221274562
DS4,0.0,9.0,23958.706823031047,583.5282166802996,142.22084030899114,881.2075213346402
DS3,0.0,0.0,4765.77569573907,332.0320313677041,158.27841644425087,225.9324384203077
DS2,0.0,0.0,1282.7484225411704,204.83670429971946,59.06477253737524,57.20710725089276
DS2,0.0,0.0,1278.7610867756193,271.1733166088826,6.4409616940279015,45.880611853157454
DS4,0.0,0.0,10646.078952957268,413.2903534463221,205.59929597574302,345.81524302468233
DS4,0.0,1.0,35803.762600513335,472.13803893886586,548.1556889288272,825.3020071110715
DS4,0.0,0.0,10962.275747051382,1013.2141450966833,709.1873561312028,479.4310347970071
DS2,0.0,0.0,5046.066311267403,282.59326517668825,190.14068527940475,216.17890817116688
DS2,0.0,0.0,1802.4069471689925,224.2450249760681,96.11515863513371,106.84364540042075
DS2,0.0,0.0,1224.0382138390873,166.40279907085116,11.98812733513854,54.86849516008431
DS3,0.0,0.0,10102.841310988282,329.43405731352993,113.81974596467636,422.23918116827406
DS4,0.0,0.0,30223.82408099698,542.7331198549798,316.9471844246751,834.7854434957337
DS4,0.0,0.0,11408.571830377223,500.5003665194239,853.6973656707789,446.83848795967265
DS4,0.0,0.0,6831.96695526988,778.7758522904969,185.1247755087187,349.4165243580056
DS3,0.0,0.0,5548.168125014954,378.38721721699585,130.84090149270185,266.7212144912489
DS3,0.0,0.0,3898.203272131916,368.6085069279866,245.61452236676493,197.41584120883277
DS4,0.0,0.0,10631.49914916635,691.2791406069426,500.77881843514626,593.1082765212391
DS4,0.0,0.0,10669.424940295568,657.6758063888781,151.67760742419927,381.61189423102985
DS4,0.0,0.0,43981.00595080246,732.3115836602622,337.203567210217,1615.937225632347
DS4,0.0,0.0,12921.903130690796,849.6754122493086,471.78630598667075,437.4954479630462
DS4,0.0,7.0,30797.627681088805,792.403440681254,1155.3338328203067,905.4705404603812
DS4,0.0,0.0,9905.601890619613,506.79695897656177,261.3124443117222,428.927777846059
DS2,0.0,0.0,706.5691217432617,243.4604925196037,44.645624697323484,30.92583798742733
DS3,0.0,0.0,8764.659509422623,231.22759546020043,532.4577284457164,438.52099851042135
DS4,0.0,0.0,23688.282029034563,616.985956809179,803.1041622648781,1184.805969767827
DS4,0.0,6.0,62154.208410314495,537.4282937317016,723.1969112480523,3360.2715216121487
DS4,0.0,2.0,70059.8519262915,653.1032677343946,531.168304266658,2194.127442069037
DS4,0.0,11.0,105359.62029643983,501.9021309852031,1805.3732139749006,3468.8373140765884
DS4,0.0,1.0,30583.549361322097,558.0541176254268,1035.4320101182218,1821.6405486007475
DS4,0.0,1.0,86633.08608094807,547.4898674922324,726.8400993794662,2509.5660298641474
DS4,0.0,1.0,33307.90978599945,821.9271822493822,379.9666372331664,785.2695205040362
DS4,0.0,1.0,86538.9810520178,493.20246638691515,4034.263600608223,3207.6578151988842
DS4,0.0,0.0,33060.12702235631,568.9804677902872,152.55644895913792,1011.9557055656596
DS4,0.0,1.0,72729.55256009911,565.0089674876292,328.1479626814986,1795.1898253910408
DS3,0.0,0.0,19219.745865399516,339.32795309342987,325.1876579692844,699.8776685022008
DS4,0.0,1.0,77299.33876677984,497.863195721981,1351.879349793782,4534.345498243486
DS4,0.0,1.0,34641.37231114278,752.4605389561751,311.22293980327834,1193.1812888867057
DS3,0.0,0.0,26802.251326660404,186.48785848615032,213.97994011094423,1742.1431836757577
DS3,0.0,0.0,10445.096807624284,260.90317513880404,99.77277916275229,372.783799415652
DS4,0.0,1.0,61798.62434775656,600.4283247178969,977.0216210366561,1747.6324868159825
DS4,0.0,1.0,99269.42505266255,729.8963306668325,1322.0855491503967,4769.832389056331
DS4,0.0,1.0,52323.3282007519,633.6253480683445,700.2147719967548,2010.733237134443
DS4,0.0,1.0,32079.90041631148,559.0495210487871,376.33056160494965,802.5645158149869
DS2,0.0,0.0,13152.79346912785,248.87724362256967,91.30113054820413,494.95360571612866
DS3,0.0,0.0,34184.83603269124,258.2797504065971,195.64308161232628,1600.9044800145662
DS4,0.0,2.0,23401.4347042323,1045.1847072711594,304.7562883079414,1302.1275757989442
DS3,0.0,0.0,26917.377757546492,1037.600366536403,104.22251677335109,866.424401580289
DS4,0.0,1.0,48349.87655165368,467.3514799629952,1831.2452383390446,1848.088217918516
DS3,0.0,0.0,25130.369591595354,354.4921839986959,213.5495444481953,845.8745908375408
DS4,0.0,1.0,40851.18388289453,437.10821223803543,515.6564879109075,1413.5803907128693
DS4,0.0,8.0,65622.23323524765,527.5479100900625,1067.8138463454873,2568.70168205771
DS4,0.0,4.0,32836.67248270689,441.175932347852,274.14667023465415,1156.0116386187788
DS4,0.0,0.0,31048.222235645757,533.367545662639,384.07696024362025,1072.4641675731455
DS3,0.0,0.0,18294.40142635454,221.43752128430657,395.2229820571402,995.6947672355827
DS4,0.0,2.0,63365.014002432756,568.0251696297087,661.7359726202624,2823.2088137309224
DS4,0.0,1.0,114312.38609070986,580.6235392638494,787.7214210131215,2932.2279353236718
DS4,0.0,1.0,42248.94049516223,1185.1307661787148,899.3261996859163,1966.3948000410724
DS4,0.0,2.0,61417.22458447148,620.8369588030365,1346.1949412969093,3245.371350780561
DS1,0.0,0.0,348.99074146618557,247.4278282469496,2.8238465290502996,44.195978044177835
DS3,0.0,0.0,28648.386150210623,227.47043096325928,299.95869488878316,999.0748065961416
DS4,0.0,1.0,98293.07714230657,416.4288878241953,1524.7326375051168,3303.197209668879
DS4,0.0,1.0,72916.2596057672,596.1969723918362,666.1403115611863,3643.537020851318
DS1,0.0,0.0,295.3985863117246,100.18920053747898,2.340903490719249,11.007610855490832
DS4,0.0,1.0,42208.71800430503,716.151097997479,1632.6561187807242,2084.6107405133444
DS4,0.0,0.0,27859.590162953107,544.0878290545248,545.4981120717042,1147.3415597843054
DS4,0.0,1.0,69285.66013879227,385.7300625027275,1378.330843385311,2581.334936944948
DS4,0.0,12.0,100998.34973607853,508.60159427241626,2010.6729951199122,2348.487470972907
DS4,0.0,1.0,114925.74025415079,653.9860110287686,863.2686243548607,3622.1976468276057
DS4,0.0,1.0,69796.71859978579,484.5371285164624,1236.3056988525248,2616.5367204217778
DS3,0.0,0.0,12095.129608274383,371.1063921838299,148.00595240450485,647.9294450763314
DS3,0.0,0.0,12062.464287679564,393.6574761256739,140.58442162764752,422.3767267670542
DS4,0.0,6.0,51194.17978146864,464.05034748436265,446.17531604155215,1292.6379145907633
DS2,0.0,0.0,4431.5093211568,249.27402317727694,32.912841912848094,146.98403319554228
DS4,0.0,2.0,71442.14724157036,533.2551922273149,535.8598013052289,2715.0382591403895
DS3,0.0,0.0,10147.596055283646,237.45508430426239,130.9867145323224,375.93305756771684
DS2,0.0,0.0,2716.7217155974963,243.9301530849269,19.42343087556333,117.72512076638517
DS4,0.0,1.0,62072.69466318974,717.4369356797098,444.7582680086564,2228.2763787618637
DS3,0.0,0.0,27758.088074009294,227.68276032011033,477.2550588679312,960.6579370324655
DS4,0.0,1.0,43573.813683373606,678.7477931019213,207.44843656803874,1426.2947472689716
DS4,0.0,14.0,136777.44054798532,756.8806713693727,553.0519657777045,3486.4855141058324
DS4,0.0,1.0,72509.83844843213,827.7519744277681,1098.9582073755562,3648.7684451264813
DS3,0.0,0.0,10785.451778089551,368.2740140171657,54.50258214353759,379.6017851337981
DS2,0.0,0.0,2852.4470622106433,322.5957401655558,43.59306261465571,120.96988455662826
DS1,0.0,0.0,1148.0477023470505,111.84115046384346,8.953152505474431,96.45739212314653
DS2,0.0,0.0,7885.389417588371,237.69222233764307,56.945791847654604,347.37490781657607
DS3,0.0,0.0,11118.52048361544,197.2581618399521,97.0849035195954,470.42119439693744
DS4,0.0,2.0,67883.83151524774,580.1688245700502,707.872158273904,3184.1790190328334
DS3,0.0,0.0,19789.306011882196,265.62852091019715,217.5138327098061,705.8881301669737
DS4,0.0,1.0,67013.60686587855,542.814244653086,1555.1090107897144,3176.8509576475885
DS4,0.0,1.0,55167.375853241865,549.935640693579,645.4176151517847,1614.1945912413796
DS3,0.0,0.0,37001.12686616763,196.22341238179354,650.5647764578997,1448.6960917642277
DS4,0.0,1.0,80701.42529813171,515.3019869332068,498.78019174247834,2861.6979062282617
DS4,0.0,1.0,41614.981454869776,770.0226620315543,968.9036196321966,1889.5788076579918
DS4,0.0,1.0,23156.250904550754,483.56177596972236,405.54465296094327,1050.6476636443033
DS3,0.0,0.0,9537.241333620299,339.1523028196371,263.4716874368935,340.1289135742943
DS4,0.0,1.0,69555.09452387932,482.0134112846987,1534.9858348080052,2170.9453299890547
DS4,0.0,1.0,33262.614895986626,516.8086250996423,257.78219460314807,926.6635104874904
DS4,0.0,2.0,51053.47546734501,571.3163571444773,370.65421518578177,2143.2351974714197
DS4,0.0,1.0,117109.4282485063,492.519718404743,1349.8741183564243,4867.68513083874
DS4,0.0,1.0,45594.329670218765,794.0667128115078,1334.3398486511157,1691.2955985945016
DS3,0.0,0.0,12971.800100021552,317.6615154869644,108.19819873503097,412.6100947364524
DS4,0.0,2.0,82464.60459023532,516.5128012590633,1681.9929208190958,3112.4255582335877
DS4,0.0,1.0,66846.72267411234,711.9176357936446,1402.1417134501614,2697.179371898909
DS2,0.0,0.0,6421.581807763447,298.3729061497665,83.9498149976189,533.3231220182189
DS4,0.0,4.0,19969.320934327538,604.8249515348806,414.51200218733965,811.2641651117999
DS4,0.0,14.0,71805.6800646988,596.900570953503,2949.133689692802,5119.646361182295
DS4,0.0,1.0,31466.240591815415,1064.032314883151,381.314237697871,975.6918074712419
DS4,0.0,0.0,25464.01832979271,714.1714029106738,753.7720205912434,739.9774520365199
DS4,0.0,1.0,27644.951742089448,1119.6315147442765,358.5050263518887,851.7067798259786
DS2,0.0,0.0,7903.388419538509,356.24746074529025,88.50086999316481,362.19370706246144
DS4,0.0,1.0,42700.71327273183,816.2839592478887,616.8474941522591,1603.6675909621883
DS2,0.0,0.0,2980.1057843266885,232.01629958653763,22.300410298804927,188.35117696563626
DS3,0.0,0.0,25181.571296557304,202.93825754295648,283.34537242187736,1398.9421758371002
DS3,0.0,0.0,40950.14227135846,543.2073304099827,279.3389555284439,1457.3713425079222
DS4,0.0,1.0,63011.80487118082,847.9393189349476,1200.0044107107112,3307.295895334928
DS3,0.0,0.0,20497.93654314209,326.67920143782356,193.39177417970478,606.7193914820359
DS2,0.0,0.0,7262.674337602979,365.82852733903565,47.77926573951444,201.68000602736925
DS3,0.0,0.0,25247.392851589255,326.5286292928804,133.54038896201817,1014.2863884357448
DS4,0.0,1.0,51352.79422843606,822.904116464332,1230.0343829165317,3001.6862700760335
DS3,0.0,0.0,9976.254051585363,366.55761340026095,103.41457286422856,462.2687513344081
DS4,0.0,1.0,49856.33826734926,730.3300442092784,1302.2752321623766,1575.843706925289
