DS0,17587.42246092533,0.0,0.0,294.53221108336595,0.0,0.0
DS0,12294.514131006565,0.0,0.0,55.222637711381246,0.0,0.0
DS2,3722.69932473714,0.0,6235.794343036238,403.8043234513625,216.3595293380324,242.68686653838978
DS0,16772.54198727528,0.0,0.0,24.789797787636697,0.0,0.0
DS0,5655.83953974076,0.0,0.0,80.28266035022574,0.0,0.0
DS0,4177.882096707592,0.0,0.0,19.042693365028537,0.0,0.0
DS0,7771.078845271006,0.0,0.0,31.576859911079858,0.0,0.0
DS3,0.0,0.0,19541.819199708843,417.91315926498186,344.580896561863,763.2257103859424
DS0,16484.50820166692,0.0,0.0,33.67405774155097,0.0,0.0
DS2,8121.381496347196,0.0,4731.38062837654,234.06843300874317,116.55077246106218,144.3463102646048
DS0,5051.25305136981,0.0,0.0,151.96122349722,0.0,0.0
DS2,0.0,0.0,6301.660055270737,409.739055381778,91.3071472731226,333.9034068650717
DS3,7005.450922404623,0.0,23494.797849089082,315.27664603310177,425.34556863614637,902.8372553041486
DS1,4840.192131898909,0.0,512.4832624634302,130.9971096038088,3.9364166441813286,19.854326883849293
DS1,5316.3830380898435,0.0,388.2020047261794,110.57159992776226,2.198829745505524,17.418258803984067
DS2,10275.52204893457,0.0,5460.321609591023,281.1485671606795,52.18976006219599,191.99088736312567
DS2,10147.245256803924,0.0,10036.294376772988,160.92846293073518,54.40024428903992,251.67803209528938
DS0,9551.257058695,0.0,0.0,27.182607182336284,0.0,0.0
DS2,7174.973545856014,0.0,6972.912729246718,224.15114378247938,181.39042944299783,367.2512701327917
DS4,0.0,2.0,73595.15220522351,549.6963408183502,1379.7291378984419,3140.3735793906703
DS2,0.0,0.0,4460.357758869347,224.17716431619718,165.25219496951095,205.0203293748176
DS4,0.0,23.0,63245.04517293971,617.4719767262704,2450.3163505317525,2903.1313378117848
DS0,12285.972690492028,0.0,0.0,150.69709267547128,0.0,0.0
DS0,16705.41995861056,0.0,0.0,67.26477420896833,0.0,0.0
DS1,10742.793767098461,0.0,490.5637547356922,151.21900715657327,5.548675557505746,26.92155441469012
DS1,3854.8394975645315,0.0,1374.1665924311512,367.15328840392874,6.991677242964087,64.43386363067775
DS0,2822.788941076353,0.0,0.0,33.67417701028192,0.0,0.0
DS4,1598.89128932717,1.0,27947.530104232377,413.3397570779697,441.4145847889741,1554.0989609644187
DS2,4653.49305439613,0.0,3200.036798284537,204.49939175430518,40.15603985244501,106.36712661807191
DS0,4863.793784034378,0.0,0.0,215.94938734264562,0.0,0.0
DS1,4439.911087014038,0.0,1760.4202258103114,68.25631450521375,7.182167316751881,85.04886053545653
DS2,11213.162399912428,0.0,7021.229391330766,208.56810413633417,154.70009061665996,582.3840357135592
DS4,2822.401254186268,1.0,68364.46194795563,639.2317834483996,1418.6807638487242,3250.7412286596173
DS0,6525.904526394062,0.0,0.0,84.10666175975847,0.0,0.0
DS0,2658.655316348453,0.0,0.0,720.4058028213873,0.0,0.0
DS1,5217.235223967582,0.0,605.4378867829682,91.40750635454859,4.461169875701896,44.7326471297824
DS1,24396.682119378063,0.0,1130.7519267150724,265.32252093371295,9.135088629630326,47.269654113512225
DS0,6044.3556608098925,0.0,0.0,10.165412342857302,0.0,0.0
DS4,0.0,1.0,29081.24179990566,543.1971708147449,1010.9148628067805,1521.532634619018
DS3,0.0,0.0,12281.394195580546,222.83818736323988,252.54236088106092,709.2427125135398
DS4,0.0,0.0,40583.42306963893,730.1399910900927,647.606781749512,1611.387118268165
DS2,0.0,0.0,5138.494748708215,258.52796935859845,30.511991399323264,116.81749705312609
DS3,1914.6203351797622,0.0,21965.60284206098,275.47638735652407,252.9667932922572,603.0063879870136
DS2,1515.0465766264815,0.0,2405.6713439365435,126.96922869945475,29.91255420077827,93.32163731779391
DS0,12963.351212055084,0.0,0.0,45.129474778314126,0.0,0.0
DS3,0.0,0.0,23513.206900225334,389.079593904577,286.0933075215899,1087.4196030936612
DS0,12329.563462361417,0.0,0.0,15.694329030114211,0.0,0.0
DS2,0.0,0.0,6927.35174564197,194.25220412324472,51.71997878251596,430.3553613299187
DS4,0.0,1.0,27565.952803202854,815.3112100953431,345.68843162840614,886.1721529179046
DS2,4918.731433796188,0.0,5381.734876860756,158.6866559956654,37.43010501090164,236.34852542725764
DS3,14354.132063217443,0.0,27981.185792900502,374.5705723930826,104.08518880244799,949.4177070959523
DS0,12769.885970586358,0.0,0.0,39.14549562735215,0.0,0.0
DS3,0.0,0.0,5094.6774664421055,199.20076220988116,215.49067419161844,307.4667855574336
DS0,7104.921227815526,0.0,0.0,53.08793741539812,0.0,0.0
DS1,11779.839687659449,0.0,1235.2858664337625,96.01946970082261,8.547997202140504,87.60365577757018
DS3,1535.3278321431287,0.0,14078.594696585886,226.1152182483172,159.39252672749726,487.6671053853591
DS2,9621.74574569041,0.0,7251.142521018367,170.97626394292234,65.5654579145018,383.0527363516198
DS4,0.0,1.0,33251.34217861383,562.2243418100015,1139.383827863446,1074.077968366687
DS0,3854.4692571404803,0.0,0.0,99.8016042955308,0.0,0.0
DS1,5098.502975744274,0.0,273.6801613979732,114.38742659654069,1.8906104562553958,15.467561492224998
DS1,16255.968288677004,0.0,2296.873289946428,112.4237384714334,9.996929953266278,111.82679416079905
DS2,6227.388822633908,0.0,6658.22111955671,218.03038684180007,55.68910778951882,334.88931216684927
DS4,2823.677439469731,3.0,23416.82599335353,576.035565173027,537.557104763198,1171.5493619106069
DS2,13322.863023971622,0.0,23237.846553282263,292.4741520351513,59.01491587524092,547.9154618093772
DS3,3620.052577097376,0.0,21577.311702359253,332.8408032564386,300.6939948416876,982.3031037048263
DS4,4504.214961023949,1.0,89925.31161057117,692.2369705638429,447.7418888819757,3347.6702490711446
DS0,8474.01676887821,0.0,0.0,43.0138092183786,0.0,0.0
DS4,0.0,2.0,53664.38193220204,396.23074757118803,1199.5738537742939,2327.184165609436
DS1,3191.998444690968,0.0,557.4855333726656,190.0897174953388,3.2164911985823785,46.6325623971685
DS4,8246.894368164683,1.0,78361.7129510885,589.5868547079527,1291.423260573296,3004.4082253127917
DS1,3898.896005524705,0.0,601.8422815302401,113.86099419236245,4.024923869441365,36.14040910876675
DS1,4964.968030299831,0.0,926.0056707380263,95.0692631865435,4.484826353369193,34.54224323206536
DS1,4893.100287690936,0.0,1217.983762427795,100.61320735131518,9.43157102281009,84.60808195725772
DS0,4812.0981717870045,0.0,0.0,40.925588916250206,0.0,0.0
DS1,9270.38218510357,0.0,814.5837688679835,150.46631625869287,3.971016684960688,30.814720002742604
DS0,11424.599783956606,0.0,0.0,80.9757912903873,0.0,0.0
DS2,3770.8145320813337,0.0,3355.41871898347,262.72007541546867,34.283452060590704,208.2656182608863
DS0,6623.050734888755,0.0,0.0,27.19486302726025,0.0,0.0
DS2,9948.332407836662,0.0,6196.651386369403,180.68607645434787,95.13255308904598,357.9346417275107
DS1,1730.3978422232483,0.0,663.4878921493341,190.19856921403075,3.260953085040237,21.222197438709046
DS0,4651.137256882296,0.0,0.0,40.56194161078155,0.0,0.0
DS0,16540.909051846877,0.0,0.0,89.98666240829336,0.0,0.0
DS0,1080.1873043799749,0.0,0.0,104.05183647636083,0.0,0.0
DS0,1000.0099967345279,0.0,0.0,70.9676365676531,0.0,0.0
DS2,10940.719512551537,0.0,9998.231805307243,277.81675201641025,67.91977661676012,385.9513184007681
DS0,12913.191406906068,0.0,0.0,77.32641407999631,0.0,0.0
DS1,0.0,0.0,399.2027492519354,91.3869573916737,2.176163618188013,16.051613692954128
DS0,7043.922856826737,0.0,0.0,18.77022746756296,0.0,0.0
DS0,9773.0122758007,0.0,0.0,23.176331917941113,0.0,0.0
DS1,2307.37669438032,0.0,492.32180655653525,74.37953998427213,2.0749825344360713,23.799312494694025
DS2,5322.718560125424,0.0,4875.388957490404,165.03175460869122,43.80137416242634,193.87922464371604
DS1,3225.7564646724018,0.0,1124.1773876986524,109.51216393835868,5.810170295502485,50.11177237805625
DS0,5847.604726921193,0.0,0.0,20.806207154406586,0.0,0.0
DS3,0.0,0.0,16973.994348360047,225.91673361119115,195.79760984171423,749.2708672664446
DS1,9837.431288095167,0.0,1027.6540368882213,136.53104180382394,3.1055605752298785,35.03048012955075
DS0,7451.299070469833,0.0,0.0,55.5121481441497,0.0,0.0
DS3,0.0,0.0,28314.84955071251,588.8465425855765,377.5454994437113,1353.3444767113401
DS2,18546.474835699762,0.0,10069.237132916653,291.6024580208474,89.66214736345604,501.36789271131113
DS2,13015.484306266753,0.0,4860.7066431532785,141.94716391588253,95.75747953002141,211.19309949800876
DS2,1114.7910160672643,0.0,3099.188343250236,188.74076467384998,30.77077975562561,153.909622894942
DS2,0.0,0.0,11700.319386453652,485.1282553690197,117.2461703434682,386.7371230999116
DS1,3900.147379028093,0.0,323.33875260213523,47.09785376942657,1.9279070856962894,18.28489793587064
DS1,5566.3446056567645,0.0,819.4452795823888,70.56537249211415,10.085217785255601,84.53637186527764
DS2,0.0,0.0,3193.2270655956245,147.5578238983954,19.587159991241084,98.60477283335604
DS1,1048.4690576663786,0.0,443.32091589537987,64.91093741797292,2.797925162730645,16.212342975878798
DS1,11986.176605566841,0.0,1453.5334358671464,87.28270461853367,6.655427145705481,63.77341414894391
DS2,0.0,0.0,1625.2627081913201,217.31230855312992,11.94221495161141,93.84563498934959
DS3,15412.251501660483,0.0,24351.716507346122,281.7747351901323,160.56888731245525,768.0640910596501
DS0,3573.104967576015,0.0,0.0,18.47267549651523,0.0,0.0
DS1,3909.3265448805814,0.0,536.4835859240775,84.49691947736814,2.2822354834956187,19.00736932602182
DS0,4505.83181628366,0.0,0.0,69.67865546101744,0.0,0.0
DS2,15820.739555303953,0.0,8322.581487280508,281.6672465835741,102.01097274867367,313.21098286732195
DS0,23563.630097332512,0.0,0.0,27.68626535959263,0.0,0.0
DS2,4243.907147486702,0.0,2516.891322691672,196.5620061492764,21.175097593710237,125.6237756484113
DS2,3663.352621491314,0.0,7593.272482368285,231.86827153651896,62.71029318541627,460.4221223294482
DS0,14576.99469633451,0.0,0.0,25.7395273395934,0.0,0.0
DS0,9355.13717081621,0.0,0.0,10.672525650591767,0.0,0.0
DS1,12152.068975757164,0.0,1632.5782109812033,133.52884042565915,6.9664155932133855,95.94032579914843
DS2,8266.914818541713,0.0,4584.3227845616175,144.2983728285434,67.68074443911915,293.35219220825695
DS2,7016.204959490557,0.0,14520.835548722505,306.13237405874696,150.6496898281497,1013.0103871720082
DS3,3699.981863484059,0.0,24161.400292549806,398.4473454132044,1142.0193988130764,989.7245971979597
DS0,11624.011772863569,0.0,0.0,69.96197491675362,0.0,0.0
DS0,18449.03504217365,0.0,0.0,157.675238136625,0.0,0.0
DS3,0.0,0.0,12038.08979606718,254.32720683541112,126.14327234420091,365.47753293657286
DS2,1191.572787748214,0.0,3363.802407229201,297.41196950517053,19.274389361604385,183.54278706538133
DS0,8648.077752766925,0.0,0.0,460.1193010031059,0.0,0.0
DS1,4395.751556867754,0.0,551.1196225976603,220.97976163142874,2.7435448490478063,19.002264907695604
DS0,8394.546931827444,0.0,0.0,21.166660432303516,0.0,0.0
DS2,1708.3295467380822,0.0,3967.2378268843563,244.18865689775507,35.02676803875198,156.42126361909993
DS0,7570.162190307021,0.0,0.0,509.4392692599447,0.0,0.0
DS0,8457.49924285984,0.0,0.0,43.24496690373565,0.0,0.0
DS0,12033.826648774046,0.0,0.0,9.884051585410136,0.0,0.0
DS2,8985.8073252452,0.0,9731.330621028499,131.52122708545411,74.54174571711654,596.6493061279854
DS1,16146.848462333292,0.0,1310.5838059977677,199.22610804363055,5.688439520770477,86.23403626843644
DS3,0.0,0.0,9883.922839537734,212.69620235276764,56.429352026914714,327.10146975466125
DS0,3828.5531329401233,0.0,0.0,95.10446548410556,0.0,0.0
DS2,10396.906926899139,0.0,7714.31564859876,205.82793996782615,100.60521215839556,355.1895115247716
DS0,4804.820515627638,0.0,0.0,32.17404668211891,0.0,0.0
DS4,0.0,1.0,62019.469805189656,377.34010888340794,689.778240217205,2425.180292713041
DS0,6466.942715876449,0.0,0.0,32.87371299174924,0.0,0.0
DS0,8462.907275007512,0.0,0.0,225.66568047843109,0.0,0.0
DS0,2357.106944554221,0.0,0.0,55.36625782893438,0.0,0.0
DS3,5708.032930223798,0.0,16131.6362761905,327.88425230425923,197.92141037165922,886.0564411080944
DS1,2857.7749392723026,0.0,229.39942199915095,157.95602567028592,2.2474624282517137,10.615967406621238
DS2,0.0,0.0,3277.5154808797115,166.85949371449388,98.66637483492165,140.22527402147668
DS0,10643.501488589893,0.0,0.0,37.61142866984604,0.0,0.0
DS1,2903.252814042479,0.0,503.58641418625245,128.19107302662525,2.5568533440705803,36.92090313830989
DS0,4476.437470529348,0.0,0.0,10.121326814378032,0.0,0.0
DS0,12494.644124690432,0.0,0.0,37.66334809318739,0.0,0.0
DS0,9355.79881132215,0.0,0.0,60.353328930730385,0.0,0.0
DS0,6286.339205748747,0.0,0.0,55.98228641615235,0.0,0.0
DS3,0.0,0.0,13377.96793121374,368.1523006687971,455.49218464308746,523.4078289924321
DS2,0.0,0.0,2910.5551441122793,296.22822244324414,96.83619711870143,149.69338870974877
DS3,0.0,0.0,15402.523176356393,380.2372769009112,222.8544833067008,465.2491142114844
DS1,6971.841075226678,0.0,219.54973575618178,126.84833130297227,2.4234473995886634,11.061775823714509
DS2,2958.002630484285,0.0,7453.348880949934,385.12589997596007,150.41389800164444,271.6717290105535
DS1,6686.404050927576,0.0,249.0222522033436,88.10072272254395,1.1808901961567622,11.574202393864123
DS0,11058.765706367665,0.0,0.0,34.65549439862635,0.0,0.0
DS0,9423.123668401313,0.0,0.0,192.70002513518168,0.0,0.0
DS1,8162.439537748701,0.0,355.69432955399935,123.16158239417018,3.1046869161726107,30.781147622553103
DS3,1890.3986794226403,0.0,13088.166077916332,472.02487481603504,284.8473090457329,752.7006235359025
DS2,6752.631245664793,0.0,3956.1296949292278,182.91355112333835,142.2580146135472,202.05828719147226
DS0,22909.82796276706,0.0,0.0,105.82705946822625,0.0,0.0
DS2,10746.229159292183,0.0,5363.802932901326,178.8561718423737,21.907310000480493,223.74735412023773
DS1,7280.483261156543,0.0,555.0153865649872,143.71945653733545,2.210090930904689,17.47687016599591
DS2,6471.99528217629,0.0,3601.4276698713234,177.19257370831377,81.53161774971203,149.5517751287531
DS2,0.0,0.0,7229.361210289173,170.75784410865896,307.9224714175379,302.6881025520297
DS0,17924.122239387314,0.0,0.0,22.686074430493427,0.0,0.0
DS3,0.0,0.0,19437.019878664967,326.4325574134125,263.79802415456214,835.4851269089232
DS0,7378.311583381252,0.0,0.0,68.69201404328516,0.0,0.0
DS2,11126.011170785863,0.0,4323.554741872614,262.20280149285605,68.98085011958048,202.98272963327491
DS0,13471.034330186856,0.0,0.0,86.59661264063317,0.0,0.0
DS1,1459.4690099429229,0.0,502.22763270945677,48.817127400612215,3.3624669424326177,27.817185810069205
DS0,8268.132623948562,0.0,0.0,56.68831919578384,0.0,0.0
DS1,810.1640252871979,0.0,257.3407443105817,54.88554076269386,1.5579005638232402,14.982970981356349
DS0,6194.102076862951,0.0,0.0,13.491297797664043,0.0,0.0
DS0,4999.949229167101,0.0,0.0,26.454000528769875,0.0,0.0
DS3,3993.8329855555503,0.0,9209.097001445904,262.24521834398763,57.58218834917868,352.5836448741049
DS0,7973.866363289119,0.0,0.0,65.682468825287,0.0,0.0
DS0,4991.732581969889,0.0,0.0,96.85137642563387,0.0,0.0
DS2,5921.711352132746,0.0,6111.1349856391735,265.3266027609893,57.164413435285624,213.08663101117867
DS0,3308.9854340707784,0.0,0.0,49.35637764815371,0.0,0.0
DS3,0.0,0.0,8849.20032189128,260.18152792956295,298.310273545433,344.4824869887409
DS2,6625.586349529023,0.0,3113.825133442814,161.19558416682605,35.08312672379607,158.02480063777034
DS0,25291.819101992874,0.0,0.0,35.90824574438906,0.0,0.0
DS0,11947.576475804623,0.0,0.0,19.09536949675764,0.0,0.0
DS2,1050.5200286463635,0.0,1795.578194023631,178.96732578811117,58.43056434948785,79.5101379735521
DS1,3905.1908642037615,0.0,347.95110976465025,156.98979953824855,2.517320384089957,13.002403781281437
DS2,1657.0989685495774,0.0,5180.5532610817445,394.356119100129,101.47834539391908,160.10280591280278
DS1,7428.0264554256355,0.0,1647.5571538161273,174.67155651583,5.453418763208768,84.5298089134397
DS4,12384.738944589795,9.0,98429.13954347238,774.143056470136,1180.1454315288445,3768.602685806902
DS3,0.0,0.0,9942.475012748102,230.82343815484148,228.58850389778016,366.55181472589834
DS2,4196.260071494441,0.0,12149.320638393405,212.21418173601873,75.40435995476874,780.9079931625965
DS0,6299.232000536678,0.0,0.0,339.68757146970734,0.0,0.0
DS0,4031.686021621991,0.0,0.0,23.339598257600677,0.0,0.0
DS4,0.0,9.0,95567.39495744454,641.9927771148936,1448.358609940309,3013.7613676424
DS0,7957.409178565466,0.0,0.0,311.29187921327303,0.0,0.0
DS0,12995.363055799897,0.0,0.0,70.27437364466347,0.0,0.0
DS1,1072.2039842492811,0.0,312.75913280085877,87.77657104723929,1.423565116491516,19.543098341766168
DS0,12048.931146814357,0.0,0.0,48.80549419067133,0.0,0.0
DS3,2905.581161533761,0.0,7679.6473920057,264.66918371389215,105.35252386149313,291.06968522026324
DS1,4236.588625789422,0.0,452.72970760246244,114.61891141481549,1.615568348781811,18.34721376273632
DS0,18678.97968899634,0.0,0.0,154.8437682798539,0.0,0.0
DS4,6773.22435992682,2.0,58628.92127288527,689.9848654647678,956.6249569793716,1879.6292809906895
DS1,4446.913142673785,0.0,979.2686677135008,88.64504829884623,8.656229233995294,58.899349014795206
DS1,6946.0402457625105,0.0,1076.625151004947,958.8662651466672,6.214142683707278,47.653585028228434
DS3,4461.548425456727,0.0,47798.29035043001,260.3593967548137,361.66336734280117,1681.505572522049
DS3,0.0,0.0,34593.88584060836,316.32348775394235,539.7664921730899,1845.809565591375
DS0,17527.00378198107,0.0,0.0,52.76764651210125,0.0,0.0
DS1,1777.3136928464628,0.0,337.1316855706999,113.96415679486046,1.4106709661522205,16.6249766967812
DS0,4198.2656698191395,0.0,0.0,8.950783722797008,0.0,0.0
DS0,13122.557279020066,0.0,0.0,24.21933897202831,0.0,0.0
DS0,2979.977305607491,0.0,0.0,54.526726534203576,0.0,0.0
DS2,5124.478690503922,0.0,4513.570270300992,175.8579091919076,64.71420553237714,236.17912515934105
DS4,0.0,7.0,43506.5752537144,527.485618993179,767.9250162846358,1832.8029307837965
DS1,9075.53125792884,0.0,780.2806666529283,67.60260380778881,3.3479921721711223,24.216439813475112
DS2,2681.565255031208,0.0,6499.9502486933225,186.54987348496616,115.26872442862893,378.3178283676182
DS2,13920.41976844979,0.0,6080.027689997912,280.17463769844915,68.32911615815911,215.75432325771885
DS4,2751.548028599266,1.0,55529.93590125539,534.9483726887999,1135.2039859112685,1908.3197085444413
DS0,5008.293171161311,0.0,0.0,80.68384650164576,0.0,0.0
DS4,0.0,1.0,27384.672089160216,603.8063144941071,697.602727112535,1004.785561153137
DS2,0.0,0.0,5158.486701044078,132.5276134527835,30.970718608361484,292.52960022822816
DS2,4439.2488688632975,0.0,2141.794193628012,231.5184007443363,14.493061627532724,129.77031746931186
DS2,800.1484384973336,0.0,1542.1688577885254,462.8988477085532,16.40497838864304,78.77385034420611
DS1,6699.376150106606,0.0,816.4309039539099,120.07921313958568,3.1218830730989917,29.1523069167264
DS4,1414.4141126354566,1.0,30713.012261911077,733.3534301577868,205.4585086424069,988.4120963076563
DS2,5025.663733771938,0.0,3050.6301737198974,217.05382634488728,39.07810985487416,201.2712299976434
DS0,2864.2137667014645,0.0,0.0,11.88052390155127,0.0,0.0
DS0,9630.34118819797,0.0,0.0,150.32817430388778,0.0,0.0
DS1,3787.8751739943837,0.0,289.9546478456641,93.06134939262203,1.2944326239554584,15.021643001008808
DS3,7704.999172307784,0.0,11828.691401760465,206.5104316414737,145.5153939507154,745.906153275648
DS2,0.0,0.0,2128.9299375698074,217.47531637612693,31.894691828396333,170.3676681356546
DS0,5126.577987512631,0.0,0.0,100.76123922088759,0.0,0.0
DS0,4021.9878339467386,0.0,0.0,99.84598014092326,0.0,0.0
DS3,5075.006879847481,0.0,16158.533666292824,355.1335689368167,135.04014163106729,1040.2229236366552
DS1,0.0,0.0,581.5906676371857,89.40049392517709,2.3841040746971673,25.75154705801347
DS0,2823.485312900176,0.0,0.0,31.735092339633496,0.0,0.0
DS0,9222.84351257382,0.0,0.0,71.55260188796089,0.0,0.0
DS0,6677.108656453711,0.0,0.0,63.98784452009596,0.0,0.0
DS1,4700.695747577649,0.0,481.60217224494454,126.96455335611007,2.9994294495291873,28.366353499594318
DS4,4669.637821005861,1.0,64659.30297689422,832.6976967513448,288.680416391339,2397.26074487309
DS0,6227.404740386734,0.0,0.0,91.1029300303245,0.0,0.0
DS1,12716.150366751981,0.0,942.8007761249011,65.81265813523133,7.837755846283984,64.47532009532746
DS3,4244.9582250342355,0.0,22864.249469860282,440.52242703376726,115.05877271589694,1210.666113135619
DS1,3929.9568250604425,0.0,383.51173193035277,64.25975714429185,1.9445150114357224,18.5475344120215
DS0,5565.260634306737,0.0,0.0,29.715750032523214,0.0,0.0
DS0,1878.6171625586985,0.0,0.0,20.8710847333885,0.0,0.0
DS1,5089.742412555763,0.0,1127.112495457343,58.12835622518057,5.6906451845937305,35.679440581269915
DS0,4105.637300609803,0.0,0.0,369.8876461308407,0.0,0.0
DS4,0.0,1.0,20860.239058507483,528.6180342887412,272.65758808057376,720.3665959868287
DS2,10381.30988974115,0.0,5810.526480394676,205.27571910971756,33.143265162359754,263.9610474455878
DS1,2010.8837418607645,0.0,856.0760866688446,226.5116939682518,7.549173437247434,39.109059634704366
DS0,21387.785180627245,0.0,0.0,143.9201568806347,0.0,0.0
DS2,0.0,0.0,8186.888167923286,243.01302224661876,71.67912986588105,306.3511132358867
DS1,4913.153158337029,0.0,1235.8387555627214,159.03487911392398,8.951680539937144,48.6709722738692
DS0,6053.666474514854,0.0,0.0,148.90098038085432,0.0,0.0
DS0,2141.955282471988,0.0,0.0,27.503449427011926,0.0,0.0
DS0,2095.0404966781675,0.0,0.0,82.86697235021803,0.0,0.0
DS0,17879.317528946973,0.0,0.0,176.98030211167574,0.0,0.0
DS0,15512.378963915009,0.0,0.0,15.723420667261085,0.0,0.0
DS1,0.0,0.0,508.31516405578907,57.307461021835906,2.3650661978764065,11.788046737553088
DS2,2560.175215748122,0.0,1950.9046534452664,251.24818573984325,14.220426273161456,89.67937701474044
DS0,2005.353462296285,0.0,0.0,234.92779945262853,0.0,0.0
DS0,13354.905024414124,0.0,0.0,22.65863148057402,0.0,0.0
DS2,6002.9993599171985,0.0,5116.337738418221,172.2593863372023,143.14453837991817,324.86477415400265
DS2,4850.242484608779,0.0,5367.85362281428,194.92559692564063,75.12388382572705,198.86730472900365
DS2,12309.812555036238,0.0,6875.186574137275,294.98861757707573,52.851079394590045,399.3802785656971
DS1,0.0,0.0,600.511383707998,123.52436717729618,4.100853907453289,41.232516692120086
DS0,1208.6719757732233,0.0,0.0,35.95678706535115,0.0,0.0
DS0,18843.1008353606,0.0,0.0,136.38495871085172,0.0,0.0
DS2,9299.75630566312,0.0,8317.497027083486,219.40031046214614,120.70657177925844,478.99078680058244
DS4,0.0,1.0,49333.59015101743,548.1755590125135,195.21050872841568,2040.1955034579262
DS0,3997.0910566032844,0.0,0.0,88.14139926191646,0.0,0.0
DS0,4232.923574636085,0.0,0.0,38.13727782321543,0.0,0.0
DS0,6208.537723819129,0.0,0.0,218.15364966210484,0.0,0.0
DS1,7685.7288219941365,0.0,1603.1632608676161,68.30563095818387,5.8110983912389855,69.94168676802717
DS1,4487.565845579309,0.0,540.2234328088599,149.18704530423048,2.020110315252644,19.61399666585909
DS2,12087.42197198568,0.0,6753.6322504721575,287.3014157473637,52.215908112666185,371.2924830623662
DS3,2378.067447573703,0.0,13386.074171851113,289.766513136115,199.74735221913187,768.6519441429186
DS0,10073.988035213653,0.0,0.0,93.51929900708637,0.0,0.0
DS0,5226.084875292507,0.0,0.0,46.467718703732686,0.0,0.0
DS1,8679.03357491427,0.0,1431.0760984555047,61.155221476479575,6.840006155148306,73.65159902843035
DS0,5932.444037239889,0.0,0.0,112.27910154827703,0.0,0.0
DS3,0.0,0.0,13402.502157481706,313.5236916189073,121.10435278237344,476.9772906092006
DS0,5558.925937487435,0.0,0.0,34.92001399595986,0.0,0.0
DS0,8751.626973712557,0.0,0.0,14.591646699404102,0.0,0.0
DS0,4717.585243285038,0.0,0.0,61.16302641027633,0.0,0.0
DS0,5157.0615163103275,0.0,0.0,15.5735956639024,0.0,0.0
DS0,5957.351044825634,0.0,0.0,44.8801110609657,0.0,0.0
DS2,0.0,0.0,6545.648959694214,201.9619141571912,62.25811514385364,224.78743879177213
DS0,19017.86510965763,0.0,0.0,148.23399524402996,0.0,0.0
DS0,6629.019625074058,0.0,0.0,546.3690473124097,0.0,0.0
DS0,3987.5300450869045,0.0,0.0,89.38927111478068,0.0,0.0
DS0,15282.979000324034,0.0,0.0,34.862692749564104,0.0,0.0
DS4,7273.648290016965,1.0,31607.807627851824,526.2444423059457,566.5477905735816,1046.6605970084784
DS0,3303.400189623387,0.0,0.0,132.68613133999742,0.0,0.0
DS1,11895.665726675214,0.0,1040.0438799312988,49.65462544006606,4.963839024459517,59.39473680926626
DS2,1337.4050417924843,0.0,2266.9253420261534,199.97703450218003,22.331770256134465,114.430421241219
DS3,4710.776706823271,0.0,14224.986666468378,347.33929136163584,127.4101430918511,816.0068507382722
DS0,11125.106298882585,0.0,0.0,21.93001919459756,0.0,0.0
DS0,10406.431866280474,0.0,0.0,80.20693645066882,0.0,0.0
DS0,6237.368745623316,0.0,0.0,32.769986302980044,0.0,0.0
DS0,10158.7430356865,0.0,0.0,19.11083689439993,0.0,0.0
DS4,2081.9476821927515,1.0,43399.36861959068,673.4827319785026,620.5789801053597,1688.605298504621
DS0,2503.415012960262,0.0,0.0,59.30435098010662,0.0,0.0
DS0,5006.262826057591,0.0,0.0,112.38277945476162,0.0,0.0
DS0,2482.398625744583,0.0,0.0,148.70870908893534,0.0,0.0
DS0,8844.874965014289,0.0,0.0,43.5236034659248,0.0,0.0
DS2,1122.661167254976,0.0,2831.7458130554537,167.64173387972505,29.415743923007753,114.81041071253104
DS0,19270.85403419697,0.0,0.0,34.62937146914827,0.0,0.0
DS0,14897.117101858708,0.0,0.0,491.5553772099287,0.0,0.0
DS1,1767.4920905301465,0.0,275.52648934251425,83.33259395350763,2.2320449711373063,16.490168192795956
DS1,8631.163561830248,0.0,535.9388192222439,77.2368224509514,7.002918776338419,24.789752869571352
DS3,2459.08629066505,0.0,26595.73052669434,519.8758164049722,296.2209362027297,1152.6995552801634
DS0,5980.930953978137,0.0,0.0,20.414982832486636,0.0,0.0
DS1,2687.643980866319,0.0,287.3258827681759,224.12905122050753,6.599960385941209,43.06517426493712
DS4,0.0,4.0,24098.131029574026,609.36340082469,295.48305615951256,833.5174199933032
DS0,8702.342573788143,0.0,0.0,15.012977963846613,0.0,0.0
DS1,5655.988640956252,0.0,284.4821574047651,123.10304892369216,2.1158906717290993,15.598473333672093
DS4,0.0,2.0,88684.95817103534,831.8392775832519,1344.3543981147463,3603.6881737745125
DS1,1615.9241277841893,0.0,311.3067805198669,63.58663777973397,2.381349964090149,33.291980694228116
DS0,5844.261450262099,0.0,0.0,90.09817637451916,0.0,0.0
DS0,11547.520424521706,0.0,0.0,26.726130132909383,0.0,0.0
DS2,2635.4582351888043,0.0,3596.053920587679,196.32264737468572,40.10101135353012,128.94150879926897
DS1,1792.388600859284,0.0,329.7720907225604,156.25806696572621,2.9930260539015308,26.140150814298103
DS2,3111.7859567687738,0.0,8754.025709163909,323.4533144771021,34.09394702230862,369.33019748288024
DS0,5497.476366497844,0.0,0.0,23.61805427921055,0.0,0.0
DS2,6087.463741316639,0.0,5521.369618760913,224.93608430881895,83.20635868346427,274.623584882277
DS0,7099.482350504608,0.0,0.0,211.09015285593802,0.0,0.0
DS0,1849.4828912751623,0.0,0.0,290.68346512025846,0.0,0.0
DS0,7767.480935337739,0.0,0.0,12.585560297662767,0.0,0.0
DS0,12114.471310692388,0.0,0.0,27.275875331315124,0.0,0.0
DS0,4033.476300714152,0.0,0.0,16.0595059501579,0.0,0.0
DS3,0.0,0.0,11347.087802801783,332.8381796464032,141.05375285149043,504.91640888108634
DS0,3008.7639042909004,0.0,0.0,116.4005480619474,0.0,0.0
DS4,2186.4096998085015,1.0,47284.01745837999,562.774219357115,2414.3318943452114,2109.939123494928
DS1,973.7871020342136,0.0,591.3886991131568,142.0675373106669,2.497119825300895,34.042728943192515
DS2,2108.2579035724348,0.0,4226.914197133375,203.3243048359889,64.33703312071964,217.68765764679824
DS2,13510.14552470267,0.0,8262.903148617357,220.55389483804538,72.89379335259058,297.5449993058093
DS0,4217.654219081576,0.0,0.0,121.21756803316107,0.0,0.0
DS0,10675.099598226021,0.0,0.0,124.19922787129374,0.0,0.0
DS4,0.0,0.0,8567.942701940894,846.8632731169091,330.70150885138537,321.1615216449953
DS0,5570.741008267881,0.0,0.0,32.97255179462531,0.0,0.0
DS3,3733.8032422203983,0.0,8750.403117521622,355.0447915582527,69.82331230309181,337.5456429646432
DS1,1836.4387569982377,0.0,235.04440992696735,149.72750323361743,1.3003512382245415,9.35985325426865
DS1,3905.877916238546,0.0,131.86114646841162,86.88349488944388,1.268417378560329,10.541896499493767
DS0,2498.2066836211857,0.0,0.0,231.63296296527943,0.0,0.0
DS2,2187.399989209943,0.0,1759.225532828807,210.63908180259347,157.49607727198992,68.54800660994866
DS2,0.0,0.0,2414.7435219357667,221.60780808369555,159.10101567193408,118.4830851497226
DS3,2799.407680562536,0.0,7314.264225550272,208.15908345778806,225.89821714717476,375.70289545880235
DS1,2164.201055965617,0.0,99.34614657247748,181.69227588290832,0.8093125486168707,5.38883226971176
DS2,0.0,0.0,3568.5099388120634,242.8980929632237,190.95599047433203,167.04839300839166
DS3,2016.5367068496741,0.0,14244.560728824814,390.94103133417434,187.02160076481292,364.7674294350425
DS2,6563.199003787089,0.0,2753.8859577922894,174.92713676830533,110.96669460223072,119.8635014447279
DS3,5013.050078519742,0.0,10456.019149169944,353.25422323157045,295.3592531936467,372.36543723273394
DS1,841.447517667023,0.0,98.43341089711139,255.31829697941794,0.6411477834053684,3.353761453491365
DS0,813.7847623651734,0.0,0.0,96.59284065662011,0.0,0.0
DS0,1732.371139318536,0.0,0.0,44.01252024672848,0.0,0.0
DS1,2022.0765631021795,0.0,141.97016646121637,92.79619150655222,0.8474185752660425,7.373412924654962
DS0,1385.8890192815595,0.0,0.0,258.5521037888383,0.0,0.0
DS2,343.04431727411065,0.0,866.2233905684712,446.9278964863052,15.382305290163705,39.58234444764133
DS2,2072.0572357568185,0.0,3703.1184520708757,195.60047705671764,28.00679252069553,134.1112570776332
DS1,2139.517691826832,0.0,245.57376929246982,81.73796732467423,1.3379037578376045,14.00681024147001
DS0,961.5609559284123,0.0,0.0,18.666296125919263,0.0,0.0
DS0,1609.0450459796941,0.0,0.0,66.48159091029922,0.0,0.0
DS2,0.0,0.0,2507.3287247692306,200.69677469937045,119.12716659727039,120.7413919210421
DS1,707.0024714746626,0.0,57.15692256290463,139.47370630408903,0.9926433085855488,3.2037915410325084
DS1,1961.0363622145542,0.0,65.9429905199514,84.92188009481494,0.828073186721793,4.812244210712011
DS2,2386.5177473648023,0.0,2976.078911654732,144.49392511454383,38.072221579566985,120.86000715633675
DS1,2296.423337190345,0.0,92.21670846401885,100.20183317412368,0.5437311220902724,3.604421764656477
DS2,623.9306000969395,0.0,1135.6899897039405,201.50145461398347,21.28179558104689,60.560569002430256
DS0,1746.9388825555714,0.0,0.0,83.09584364683201,0.0,0.0
DS2,2749.271801345614,0.0,2346.3940707043657,162.47605037587758,73.23562532171428,100.19411810680552
DS0,5708.291194720783,0.0,0.0,24.7855172256413,0.0,0.0
DS4,2377.2948502083104,0.0,26306.022936893638,527.5460374075419,849.3165489773659,1040.4706554956151
DS1,492.39076636311006,0.0,89.54124842883395,74.80938998969852,0.4632953308608685,4.847573256720185
DS4,0.0,0.0,9190.766708158426,351.7379640902109,42.588079660945624,317.8525392029678
DS2,3297.4181802095986,0.0,2615.7088006586705,219.8337363165591,67.1710438342387,101.7118817664064
DS3,6009.76676339551,0.0,10376.55069894152,322.685645517313,118.78965900543766,544.3025508384802
DS3,16047.52585708522,0.0,21756.205836813588,249.79641983938694,296.1920688969163,1075.3872220875353
DS0,18861.449089348753,0.0,0.0,90.16491432605426,0.0,0.0
DS4,0.0,2.0,74485.40152705275,726.0004221776826,1127.4734712799134,3277.511135061938
DS2,11233.220197239227,0.0,8497.670412234142,129.862338485999,35.134930483878364,372.5789091711833
DS1,7315.759939753033,0.0,710.0347379589558,151.90399122076738,8.162863903823515,68.90201891908147
DS3,0.0,0.0,8534.656723084103,288.43039169951294,100.05826921232688,272.67007718061126
DS1,9117.852357547881,0.0,1141.9014032322423,70.84160644580311,6.701723981815587,64.69005729582241
DS4,0.0,0.0,23821.955941534125,504.65625175244304,238.61568709013477,1175.2149456853922
DS3,4138.181649125871,0.0,14093.914231245832,308.0683082390623,70.70828857749758,702.2699492728137
DS2,2596.9946950851863,0.0,8388.700975679541,220.62693354873915,96.28489767007079,343.22976112526175
DS0,10531.737412351114,0.0,0.0,11.469149309969211,0.0,0.0
DS2,1163.7611001528583,0.0,3244.3754569963326,191.90715150990653,51.10392045281369,148.62332307294858
DS1,6281.8097791108685,0.0,801.8526315993381,72.35944940001458,5.452340828447022,26.659695770503415
DS3,0.0,0.0,9101.433937654576,230.50412900472134,69.18655890105245,329.5978685162932
DS0,9855.847759947432,0.0,0.0,72.8176449569713,0.0,0.0
DS3,15112.450805658338,0.0,20976.877504758988,341.0806381235519,371.31346825561604,1011.6646307698484
DS3,0.0,0.0,21785.533563701167,269.4201163053018,172.07721709891433,696.8128555868436
DS1,0.0,0.0,960.8730198888883,110.84956011501204,4.218370037580707,29.956493698688735
DS1,13305.608997053205,0.0,594.5779289265015,112.45019254710883,4.368018028426384,41.768241177776204
DS2,12722.395041627075,0.0,8160.008137114784,449.1114050953242,66.76564754625697,358.7871421672527
DS2,1645.377389187646,0.0,1858.7991964281584,290.2308508832164,9.645148651717735,104.43994807112414
DS3,3082.941459132676,0.0,23289.301739390226,304.596812865571,183.88513053535615,935.1284663038354
DS2,16902.485041529908,0.0,7556.39465071164,176.15940839576803,55.26467835569184,244.47940229363394
DS4,0.0,1.0,65222.18728412054,422.65003039671683,278.82772528698035,2235.387088872853
DS2,14052.684113066362,0.0,8373.299143907623,329.97390150255774,93.3259289418001,449.8392964020485
DS1,12510.138868033286,0.0,698.9515300672895,81.64092760060971,5.4876396219007795,61.853041984928055
DS2,1827.5060060115065,0.0,2595.19589250795,286.6805033654265,24.523400147152827,105.77454033591418
DS4,1097.9485490800405,0.0,25237.687135533517,290.2766089740501,66.6139760550922,755.6543271835154
DS4,6897.614533220976,1.0,46435.961593973625,516.7163592338618,1019.4621785484519,1342.0644881421517
DS4,5091.397956174388,1.0,119350.76912401896,529.2546320935403,430.4570686966031,4381.888221189906
DS0,10649.52562050632,0.0,0.0,11.237140321252628,0.0,0.0
DS2,2814.5437240221604,0.0,6461.007646806924,262.6902470838338,41.74167410093394,333.6202481719733
DS0,13688.501931873558,0.0,0.0,51.75311493682988,0.0,0.0
DS1,0.0,0.0,538.6474614278096,204.73528462643603,2.266219950321302,20.622727931178417
DS2,9436.460733452324,0.0,10243.841077435649,206.93247414938142,128.78019818909706,632.8597211917248
DS1,18196.260453832027,0.0,1499.865066374646,214.9812748937319,7.96306155757887,83.09252616452426
DS2,6348.396625839794,0.0,7872.407315692239,146.60988947228856,87.82490892467872,200.41681720914005
DS0,792.1221243914779,0.0,0.0,25.72217412431764,0.0,0.0
DS4,0.0,9.0,43078.72438306922,592.1062147186594,328.289532521776,1630.1947501512436
DS4,0.0,0.0,15994.242436806213,921.0159867704581,472.3946408783877,894.8897330957278
DS3,0.0,0.0,39074.06009770915,274.9568695833675,507.9556196605035,1369.1171851793786
DS1,0.0,0.0,1012.1345698620535,77.41124857419486,11.76558907992669,74.56525996038934
DS2,7038.1697316218415,0.0,10754.57993762871,218.10353756448438,153.07512331945654,307.38170557978975
DS2,16633.93091484629,0.0,10893.215356152334,278.5311575839527,60.58598568427739,548.6065358902368
DS4,3196.536943568667,1.0,23635.22342478436,594.2772876277098,543.0432493144639,1089.3624314630665
DS0,5189.001048254886,0.0,0.0,64.94507889486763,0.0,0.0
DS0,7373.020737732211,0.0,0.0,139.9107132335635,0.0,0.0
DS2,1269.2284794936131,0.0,2111.0524693364378,182.86937156576835,26.325979502102008,101.20002367542918
DS0,16545.00838650125,0.0,0.0,27.2234104225703,0.0,0.0
DS0,5911.940936294946,0.0,0.0,61.65789354590437,0.0,0.0
DS2,0.0,0.0,4443.229525800279,188.7035753621328,24.77025546146412,118.0366089373196
DS2,1924.0564542753332,0.0,4101.533152064076,287.32830631276596,29.46654739457284,181.91469145585546
DS1,8817.663889054738,0.0,1187.8137029350844,83.85336071054066,7.100421877254979,57.475253621286406
DS0,4773.587070100364,0.0,0.0,237.79284405815028,0.0,0.0
DS0,9044.442568492523,0.0,0.0,33.57524550416287,0.0,0.0
DS3,0.0,0.0,22785.936568017103,327.0255137754491,257.02088977794836,1124.3458046231167
DS3,0.0,0.0,9203.881473503887,237.93005053489344,153.5869541048334,426.29852619322355
DS3,0.0,0.0,12375.736630406653,293.11368620815387,158.06975075452544,371.1744398696522
DS2,14220.392646645569,0.0,9965.148217642067,191.47345678945806,103.00791342256105,324.8145904593014
DS4,0.0,1.0,61372.84844732605,927.0427574917387,1049.3707087106386,1973.927757486635
DS3,1556.5988337938336,0.0,9995.194148301587,230.25857122759666,125.60380118965149,515.5545916515479
DS3,5107.517222662243,0.0,32541.05662194318,443.6314631207115,300.5089829922864,1853.9316425489956
DS1,16544.10088359862,0.0,1514.4161806697566,120.49667144046467,7.339094690737176,72.40245572416448
DS1,10010.160790014976,0.0,1462.4968321823308,79.67214279197967,5.278352643826782,76.22717940128321
DS0,10041.19550370779,0.0,0.0,44.06985898628303,0.0,0.0
DS0,8329.415534257976,0.0,0.0,47.46300451061179,0.0,0.0
DS2,2453.9555454928363,0.0,8407.029529110921,313.03419731180986,55.860593670596664,374.1733486623769
DS0,7283.762236517868,0.0,0.0,57.06415308059474,0.0,0.0
DS2,0.0,0.0,5538.286270456477,203.77435157677425,17.23688562480999,135.32283079034235
DS1,4369.26950581541,0.0,361.8972166671466,699.7070930306792,2.563812962004362,21.5710629379647
DS2,3056.090419219518,0.0,9085.012477351698,212.30696686209652,105.22859147324694,382.7943627638731
DS1,5489.909534119233,0.0,713.7216669391688,101.33765907177309,7.3958238170835315,76.60304727357605
DS3,8489.91486492883,0.0,31496.691929070977,263.99475756225496,230.6202300341074,1097.5892673457854
DS0,12593.487310959767,0.0,0.0,60.13470140827028,0.0,0.0
DS3,3807.5250008103317,0.0,40072.68613473636,311.89466420580027,358.7189795919494,1582.0605746632798
DS0,5891.420178378639,0.0,0.0,125.41104965742221,0.0,0.0
DS0,23171.44647684391,0.0,0.0,18.052471032737863,0.0,0.0
DS0,19458.249555928294,0.0,0.0,16.473963435735982,0.0,0.0
DS1,7738.158600554186,0.0,1248.5585270288962,99.46866763338097,4.4111553241969395,63.36705406393921
DS3,6230.83899562134,0.0,9552.148279420446,622.5466061580331,120.70534795603862,430.476305734786
DS0,12148.717877305367,0.0,0.0,99.48837216386916,0.0,0.0
DS2,1898.1965393896044,0.0,3425.518008096493,223.26353801449108,24.70975395425725,136.89309345208525
DS2,6101.62820799638,0.0,3132.052237184811,144.3503335325976,37.223671985746044,172.3510917579659
DS0,3161.2404447676413,0.0,0.0,23.333230380562092,0.0,0.0
DS1,9792.898138360018,0.0,2364.096649545732,134.4091809723405,5.7498360787867,59.680730096186394
DS0,3949.5451905349796,0.0,0.0,20.300925430572914,0.0,0.0
DS1,0.0,0.0,329.21935034055576,287.944224178971,2.257874885378356,16.20245962832474
DS2,8365.989312279517,0.0,14709.201069990195,249.76615751995445,139.28777521612693,510.5492357447212
DS4,0.0,1.0,31369.173123017863,868.7322557334498,313.0067390217315,1673.3405325370227
DS0,0.0,0.0,0.0,29.74321032549977,0.0,0.0
DS4,4107.493433407434,1.0,40398.915533237305,889.1595022845551,1409.8796839412148,1713.9856594437806
DS4,0.0,9.0,56405.53320286059,927.7982830102184,960.1989845578311,2286.71250760358
DS1,6403.153049091161,0.0,1767.6584882053792,61.53168092034225,6.965404096629564,65.91516311755998
DS4,8318.26552846134,1.0,57461.08734620013,419.09027257998366,264.2036825197723,1816.509634803652
DS1,4048.986360272416,0.0,389.70884739217195,73.2155429818998,3.7059842466400883,13.548212861510846
DS2,8354.528176040792,0.0,6878.196337108176,201.1914350720184,43.32275396025292,368.688456292845
