DS3,0.0,0.0,17684.15189827905,455.26092417459233,739.0551059903261,887.4319028074744
DS3,0.0,0.0,29608.456421627467,417.0030414058066,841.7396802339601,887.5362067247157
DS4,0.0,2.0,55246.896658160156,545.47808897336,414.5245069138224,2368.8594565415974
DS2,0.0,0.0,7924.831391779103,223.75910455467428,176.66081693443417,402.4096443756398
DS4,0.0,1.0,46599.4304446005,727.9123495477163,888.4958649997349,1309.423390123573
DS2,0.0,0.0,4255.163048390414,223.14508171345315,92.89025846112321,146.1765250620793
DS1,0.0,0.0,650.1966566272888,143.00574409523546,3.4253206746383063,23.06654890160534
DS3,0.0,0.0,23919.405827426148,271.2550923589296,760.3101641868429,665.883314238331
DS4,0.0,14.0,55584.399679938986,666.5453796320409,248.9864201487713,1497.1339060162031
DS3,0.0,0.0,11703.566413464288,392.88290811442425,613.6485985322146,588.4035884716062
DS4,0.0,2.0,44718.85682838796,587.3627816384212,1172.7979888853235,1792.560150118336
DS4,0.0,23.0,29903.547652843787,438.2798117164049,894.4925901488841,1070.327003381948
DS3,0.0,0.0,17660.09027888366,369.95914865921696,129.79187608711624,563.5711848126437
DS2,0.0,0.0,5057.219814791066,461.1192887975592,102.36049240688321,259.93583316262675
DS3,0.0,0.0,15769.986873050006,378.5008009310194,138.78946047859682,676.7191448227065
DS0,0.0,0.0,0.0,28.920303673149714,0.0,0.0
DS2,0.0,0.0,7666.468878087148,378.7454422680167,308.4330398308996,339.30927024786973
DS0,0.0,0.0,0.0,30.088371315136765,0.0,0.0
DS4,0.0,2.0,61537.37606730793,509.9448474863369,1829.5763834086315,2616.6928798804383
DS2,0.0,0.0,5057.488335514141,350.49526310629494,276.82865985495476,297.08464159708296
DS2,0.0,0.0,7931.569567680115,315.7168921989923,146.29019041255592,426.77315984898854
DS3,0.0,0.0,18986.567593952605,365.77635704267914,539.5405261461666,996.4725573091207
DS2,0.0,0.0,4469.330315388724,183.76086812129668,156.4553863564858,213.29187086126095
DS2,0.0,0.0,7881.0805413532835,176.6402861707512,136.5990393037963,307.31254129105787
DS2,0.0,0.0,11515.18636323638,251.7909784383788,83.39841813391126,286.6448350499266
DS4,0.0,14.0,100769.06969170111,738.9588551443976,1134.6377858908086,4841.483910355675
DS2,0.0,0.0,2155.499317981068,336.103792277977,19.922252700872342,67.79880232207728
DS4,0.0,1.0,69382.49179605069,985.7269809817823,1032.1865682304035,2675.608230822592
DS2,0.0,0.0,3166.2583967475384,217.346075982198,31.266464578630504,125.65923082008527
DS2,0.0,0.0,2382.5503158979604,226.1879151259664,14.03163605759506,141.07336573867883
DS3,0.0,0.0,26477.82810981595,367.52326111502975,477.15365196253384,903.2768371939819
DS2,0.0,0.0,6974.283399029739,224.87823681613168,121.82675289796686,265.71427548866114
DS0,0.0,0.0,0.0,33.90536943947894,0.0,0.0
DS4,0.0,2.0,21669.99609965186,620.2373181692092,591.4236561403671,1078.8490180094377
DS4,0.0,6.0,58090.68466212287,1055.1989153787986,793.0069679573215,1568.1020466649375
DS2,0.0,0.0,3963.7405592647783,247.6170016629912,43.32671380961329,168.94448075087155
DS2,0.0,0.0,7665.799749395594,279.84995342092293,129.2581075236654,401.8673352345523
DS3,0.0,0.0,8596.580119546288,225.2054475498353,101.39106951168466,387.6518438658504
DS1,0.0,0.0,233.7242365419707,66.27151535711036,2.5933002159514977,15.632415256196495
DS1,0.0,0.0,1007.1761556278516,135.08698103398706,3.903987732206538,40.71773949264398
DS2,0.0,0.0,4367.343621716834,269.0721834254218,29.207839760003296,155.8117437043627
DS3,0.0,0.0,14029.334034676756,158.22693557783998,167.05268140000865,489.55555211814226
DS3,0.0,0.0,13246.135859130061,247.11130748526224,379.07023919694495,1028.6638564352713
DS2,0.0,0.0,3028.929755105103,270.9049116814465,61.66461081629457,125.56083461564617
DS4,0.0,1.0,67392.91774624899,618.7572381739697,402.40064246773784,2131.2209385048286
DS4,0.0,1.0,43372.05488046921,968.084506394323,1211.357292784213,1421.477449011514
DS3,0.0,0.0,26902.609249251298,183.17824986038414,235.45671810143133,1181.4100950792804
DS3,0.0,0.0,19856.412357344932,356.41806164830666,437.85151651249174,716.2622866475788
DS2,0.0,0.0,3282.2834588971673,209.87542075439967,15.230363472086625,160.6708310626738
DS3,0.0,0.0,16179.187704326087,254.0581026950518,64.35808369925823,471.13973799114854
DS3,0.0,0.0,22721.24104793938,307.3609176325476,292.12105603142356,819.8014889036036
DS4,0.0,1.0,73064.36174297985,581.4541577199393,1001.8328636401036,3484.50334090676
DS3,0.0,0.0,6763.671524100042,227.4104756730099,55.271712745092,347.86948994821313
DS1,0.0,0.0,495.19571891482514,64.03573359461029,2.621244763063788,23.406757234579924
DS4,0.0,1.0,38832.40072321674,796.757342779857,981.9402031686443,1719.9754332876437
DS1,0.0,0.0,229.50781063080296,65.58573464820296,1.3599498957531204,18.408469914209263
DS2,0.0,0.0,5071.2513296576935,406.25063752486477,70.72694159108434,289.5741947749445
DS3,0.0,0.0,14510.761028119132,383.0037524474645,151.2397927518523,658.6044558310232
DS4,0.0,2.0,28472.794342801324,926.9087092782459,504.19598205210673,996.4160642578288
DS0,0.0,0.0,0.0,178.93984378960184,0.0,0.0
DS4,0.0,1.0,100451.39593726248,649.4747593641071,515.8153413419776,4926.236535419635
DS3,0.0,0.0,28907.6038956466,287.83229973324455,427.54869951726494,2208.724704566099
DS2,0.0,0.0,2736.382343911255,290.46182493877797,23.212497069672086,136.90797394518074
DS4,0.0,2.0,91151.98607386913,469.5690303603127,570.5016862633834,2660.01071703714
DS3,0.0,0.0,27677.580477439995,301.6838525927067,256.3879865751353,982.0679570344271
DS1,0.0,0.0,1475.1254237940934,78.12987971317177,6.727265408309377,52.53374451068383
DS3,0.0,0.0,18617.83434374053,259.33674700209065,281.9116851729051,978.338488081438
DS1,0.0,0.0,1778.9376141874513,60.99623571231669,6.452612765291947,57.02379581477778
DS1,0.0,0.0,646.0210082103841,72.71046456925447,5.565460081101276,36.528033081218624
DS3,0.0,0.0,56927.89164868984,315.93619376890354,388.0120948365195,2491.194019991853
DS2,0.0,0.0,8137.776906862064,148.2524624324236,111.77491462516103,235.5860968301531
DS3,0.0,0.0,19226.064006877856,307.0323828698812,341.96716478652706,613.8101867981535
DS3,0.0,0.0,27161.564579378944,310.74286807712565,292.4979184345384,958.5548519715533
DS3,0.0,0.0,8604.69476127585,286.1271459948778,53.70310269749932,499.130604318028
DS3,0.0,0.0,20140.948279491306,244.32639058854804,308.75635319664747,913.4821031155122
DS4,0.0,2.0,77980.40233056864,635.0738709978338,945.458134364969,2942.6605171036135
DS1,0.0,0.0,191.07764186478767,88.70942672565815,1.037831637020377,6.538008752418375
DS4,0.0,0.0,26712.95283363887,570.2056412322893,652.309236638781,993.7514114589364
DS4,0.0,4.0,93434.16330587122,458.00711552881137,945.8692810146422,3100.5088792077822
DS1,0.0,0.0,346.1615172470029,73.62157782096376,3.0056830447643192,33.154932515033884
DS4,0.0,1.0,30528.39489898795,710.564426710403,498.38636457391533,1138.6206354444764
DS4,0.0,1.0,54505.97556683238,895.27071815408,476.5681410662438,2611.6971165673785
DS2,0.0,0.0,1673.6722108732529,187.94656724804685,32.23086198004588,69.85082556181142
DS3,0.0,0.0,11833.548846824151,316.24605483297137,186.37028744031227,740.6166262958673
DS4,0.0,2.0,76672.74381711007,489.07478631405365,1061.3133295694252,2467.316936634607
DS3,0.0,0.0,32947.84795600426,311.7407325854163,199.56749004998116,889.4060268424055
DS2,0.0,0.0,3065.1884898382887,275.02243493838057,44.7996364747364,103.63672414187263
DS1,0.0,0.0,404.4230626850532,129.3304558490325,3.399370398036999,36.11505369314855
DS4,0.0,9.0,88046.69719802905,520.7695458190689,1336.9432232036875,2478.565055016562
DS4,0.0,1.0,24768.34943027205,752.7513221300458,736.2037314323758,1252.2614730773664
DS3,0.0,0.0,13888.818354063857,205.7695224504097,208.28157226559713,584.5853181093711
DS2,0.0,0.0,6695.590640590657,281.74861249540845,70.96019765847798,295.1359275350519
DS0,0.0,0.0,0.0,7.427753928697733,0.0,0.0
DS0,0.0,0.0,0.0,116.7375090307686,0.0,0.0
DS4,0.0,1.0,35708.22064645815,536.6645477606667,1051.4402889756063,1180.0594956169207
DS4,0.0,1.0,45915.6326854193,446.89826763175176,1224.327917108249,1743.644162751071
DS0,0.0,0.0,0.0,27.826856376402432,0.0,0.0
DS4,0.0,7.0,80852.15370023833,523.1767390039976,1251.1685519146668,3520.9885413798715
DS2,0.0,0.0,5081.639323134089,230.99306611093138,54.81483389155882,296.0880916964835
DS3,0.0,0.0,8766.850360752098,277.095204909838,42.26999987069361,242.2945938641319
DS0,0.0,0.0,0.0,134.5775301586637,0.0,0.0
DS4,0.0,0.0,17469.90435679505,512.3889039405149,110.2254257916945,720.1526699857098
DS3,0.0,0.0,26882.58694425739,267.59151114306184,161.55783430656646,916.3687936636211
DS2,0.0,0.0,3667.4075070656863,380.9193077086096,32.86981276212041,132.39457713546503
DS3,0.0,0.0,12616.993731334005,361.2948202155611,272.83194276289873,509.2280338931196
DS3,0.0,0.0,15775.637622194343,309.0887052160241,363.5001198066103,682.9135316516417
DS2,0.0,0.0,2501.999622311221,185.31158747845572,15.079730504820523,153.81412214657107
DS3,0.0,0.0,34288.89074613484,302.3469172655255,360.01215229280467,1051.1445569440166
DS2,0.0,0.0,2371.227581980086,212.96883023661943,30.450474254459237,159.79077339980864
DS3,0.0,0.0,6606.859084361793,283.0843985746429,128.24038023034228,265.7462103507045
DS4,0.0,1.0,22277.91799054508,609.1255673635907,456.3521293032705,608.6307525218426
DS2,0.0,0.0,7014.298144863973,214.75574814084263,104.61102671673257,383.77120455660435
DS2,0.0,0.0,6644.014450872447,301.205944704657,84.49262859718569,223.63381673945887
DS3,0.0,0.0,10068.237163706246,461.004186748609,171.82597348229928,282.6796785651599
DS4,0.0,2.0,102927.91165468353,921.6410517922758,1735.555380152278,3396.251588098671
DS4,0.0,9.0,42398.67650179498,917.1173592962944,196.33528159822208,1331.6455330363056
DS2,0.0,0.0,8318.525608222411,202.84254453823897,82.28396302878734,369.15064354021973
DS3,0.0,0.0,31453.631086667716,227.7965993216725,274.09772486414994,1628.3570322180224
DS3,0.0,0.0,21912.614005628355,233.64989211857596,292.6291913455887,1013.7737857167432
DS3,0.0,0.0,19768.690677241313,294.2486519483608,167.30163648836398,1059.4301658943186
DS3,0.0,0.0,34326.251413612175,331.06039754179415,320.9574112142291,1395.365435839245
DS2,0.0,0.0,13042.673801341825,177.69682775078553,62.21301864666257,377.1658348979783
DS0,0.0,0.0,0.0,77.94310020524757,0.0,0.0
DS3,0.0,0.0,11640.689028386096,448.6112258450112,74.52317641630418,400.5919571840991
DS3,0.0,0.0,7551.192018744137,330.64991438661394,71.4475018140641,282.83036078169937
DS4,0.0,1.0,63352.053713128495,607.4716608340931,2442.5448536313183,3689.6463773066125
DS2,0.0,0.0,3976.638360757357,261.9066625146424,56.16809329958548,127.54736978987187
DS2,0.0,0.0,5647.001859933769,180.37321455843087,52.70601550688464,255.91248894894122
DS3,0.0,0.0,20839.893228283676,185.87754979956924,111.49192467906974,937.4929982136273
DS2,0.0,0.0,12538.1506193381,156.42062186928422,42.85611999574232,507.3037356992457
DS1,0.0,0.0,1890.7522093634816,83.6353352574053,10.980277406901656,112.69217867608154
DS2,0.0,0.0,5283.6963039331185,227.22684946835489,72.40144769352558,205.38176578400362
DS2,0.0,0.0,7347.1285985534905,163.94009507712803,57.97303484626106,382.4653879170292
DS4,0.0,1.0,66377.81933313783,501.3718312059924,525.2045521192078,2311.7189603513307
DS4,0.0,0.0,22048.671747193457,968.0492172616185,452.5389416242741,822.7001332920884
DS2,0.0,0.0,7674.543511532924,150.6246714085678,46.01452902708074,282.73684477288543
DS3,0.0,0.0,12252.810263845244,269.98212077705836,124.57332918609865,911.0698030608779
DS1,0.0,0.0,296.6356623477318,60.64254911376179,1.6310706575317624,10.444842351806303
DS3,0.0,0.0,16181.446705563878,305.85505523886934,273.96554946509065,590.516378787052
DS2,0.0,0.0,2360.484914475171,457.904998484628,53.05031359843953,121.3697189916622
DS2,0.0,0.0,5921.973604979725,226.59308020185114,93.25610258435916,438.6232647069745
DS2,0.0,0.0,1464.9033153386833,286.85758111804626,19.71496784941243,93.12652573079193
DS2,0.0,0.0,3659.913208995991,250.93009895690247,43.31579235877135,169.33463375327003
DS1,0.0,0.0,591.8832639630434,98.8523702489858,1.7583875543828893,22.574920878025825
DS4,0.0,1.0,57238.697607266746,666.8631165118788,555.6291030803324,1811.001709789184
DS4,0.0,1.0,63285.21013532149,458.20065986501083,597.9639614844152,2046.0074170036094
DS2,0.0,0.0,10773.431779318373,257.79803408860755,98.36593880359766,446.17275373384706
DS3,0.0,0.0,18414.33412924149,273.9805639080603,984.1959851744161,828.8753382467085
DS4,0.0,1.0,52144.423118855186,892.0724143921955,2446.514388283952,2549.5951073750157
DS2,0.0,0.0,4564.522341985637,267.41018835875445,137.52079768273387,251.68237356375494
DS4,0.0,2.0,57453.915195697904,877.9979068458867,1211.4160630480528,2343.6136976088856
DS3,0.0,0.0,14342.744072458125,403.34694397246807,320.26764938516595,740.2682404772652
DS2,0.0,0.0,3262.885576725279,210.25486294115814,38.86114214567394,148.97549423726963
DS2,0.0,0.0,4528.654411362812,175.65088411355978,157.5594927772444,176.33251956154163
DS1,0.0,0.0,468.5996560439107,50.236852932104135,4.959657205267254,24.164721888638
DS1,0.0,0.0,254.33493729720016,213.6347750585117,2.411131191627614,21.638170325931853
DS2,0.0,0.0,3306.648584607607,245.157885805724,108.13085347891894,153.69964419010174
DS3,0.0,0.0,16736.627734798345,434.6658241117962,711.0269013199977,757.7330703387338
DS2,0.0,0.0,4795.434977534354,239.21568902378903,293.9857351554366,189.89722197872814
DS3,0.0,0.0,23601.51555342326,384.50941278462466,127.36824267955055,1055.2787721082864
DS4,0.0,1.0,30681.67491200096,676.2761032613191,330.8149766419483,1923.098913953008
DS4,0.0,1.0,53942.87736960821,601.6710843725083,1248.4767415019326,1926.5948394639809
DS2,0.0,0.0,4111.232448018157,226.25060976623007,115.82371805732654,179.63450658888118
DS2,0.0,0.0,7961.855141449535,213.39260169349726,260.8216419148031,340.9656644117367
DS3,0.0,0.0,9865.865835631348,265.8273487779319,600.3394999162881,361.99612212386853
DS2,0.0,0.0,6539.843223528693,229.74039214111673,212.4041760118988,264.9019003101998
DS1,0.0,0.0,1126.723177237484,130.3768980479441,3.3844880581007533,42.781481180954614
DS3,0.0,0.0,38050.52462361191,292.9333638349157,676.2630102784025,1005.7056797543389
DS1,0.0,0.0,339.19315419272743,117.10937965216677,3.6215268955041875,19.090882085783132
DS2,0.0,0.0,4559.724148161466,213.47208756810446,195.1967034748517,201.28711196626912
DS1,0.0,0.0,611.9189801277971,95.4229571637683,4.194258350517101,25.661327429498286
DS4,0.0,1.0,89397.28352853049,692.9260117071166,938.8669961679452,3073.719292522891
DS4,0.0,1.0,51862.3475165072,1126.0594052389188,552.2459195658903,1922.3605528476269
DS4,0.0,1.0,51131.4392832491,427.58350938511285,326.6493716057259,1917.443236255766
DS4,0.0,0.0,17824.691010702038,692.1179363196649,115.25517396766637,587.4207333925052
DS3,0.0,0.0,18656.99402137694,316.7572865327973,186.54690770478112,1099.68631675496
DS2,0.0,0.0,5855.884055332823,149.6047070674403,40.505853954216256,232.2542560293655
DS0,0.0,0.0,0.0,14.032184806208535,0.0,0.0
DS4,0.0,1.0,79933.86487621775,871.9657634771066,1929.0076871871177,3266.0530468584434
DS3,0.0,0.0,10618.1219245545,375.0063213572848,59.250458428997035,388.5199518449844
DS3,0.0,0.0,28331.124131611014,363.1809444289787,504.1189201211116,1831.8958479034277
DS4,0.0,0.0,23422.1129830216,700.5885449735542,614.6684883515533,932.6964870426098
DS3,0.0,0.0,5119.122409329898,227.25656435194978,65.36752134075276,261.9070112314371
DS3,0.0,0.0,6715.52628430841,348.80389308703366,86.43197768730673,213.4208423740098
DS3,0.0,0.0,29958.59222533453,268.70842245375184,291.13729659232166,1152.8740468131014
DS2,0.0,0.0,4462.616687462214,294.5439229370578,89.40507889104694,209.28555267877118
DS0,0.0,0.0,0.0,36.4615487501736,0.0,0.0
DS4,0.0,3.0,27520.015717161856,396.93921072552985,253.47781156453803,894.6164850059658
DS4,0.0,2.0,73851.68851034096,549.9600720729495,636.915977446832,2191.409737677034
DS0,0.0,0.0,0.0,181.52785075667708,0.0,0.0
DS3,0.0,0.0,24772.54464634483,206.27381596180916,661.223328051305,1240.9799550863981
DS4,0.0,0.0,19237.086934267056,446.4525334030315,189.889813363751,1000.2928429152595
DS3,0.0,0.0,27553.865594883267,309.2040932509953,294.9885445589582,1092.4444344751328
DS4,0.0,7.0,51156.872899866605,526.4129617065765,700.898621212017,2245.592700044158
DS4,0.0,0.0,26439.521696578762,754.8046036819538,495.71802250804734,1140.0126194013133
DS4,0.0,1.0,64391.246334446085,506.308899490605,749.7523619885295,2733.9729550498664
DS3,0.0,0.0,7636.887310952763,404.1737840706886,175.8729201114959,384.98888199951676
DS4,0.0,2.0,91514.0943140863,710.4044920444153,1761.4790280085142,2825.5849961190115
DS2,0.0,0.0,3055.86654533285,441.26578333211563,26.65599269749087,122.7821217566194
DS3,0.0,0.0,25229.79061737102,201.87142462590577,260.78374125470583,953.141373175317
DS3,0.0,0.0,9697.390620894132,239.17437151096755,102.2398935520786,485.2123742139585
DS4,0.0,1.0,14693.479703010318,650.4241339360067,470.09182490722134,655.1015459379214
DS4,0.0,1.0,83564.16672648251,562.7533149323605,1078.2836883424875,2845.2240696811277
DS2,0.0,0.0,6125.712372287317,292.52133578504856,108.6833500468133,325.91152180047595
DS1,0.0,0.0,2042.6560528316074,48.944919501999905,7.519306002506859,87.08793521377143
DS2,0.0,0.0,5633.740092945645,285.61448702468977,84.23530718018992,401.15554818320544
DS3,0.0,0.0,27699.342420596946,381.21174413155376,662.3655884437859,1837.9261845561962
DS2,0.0,0.0,13527.415842192797,243.69729758533208,97.76588081417104,732.3464397036066
DS2,0.0,0.0,10209.838750090106,245.75355695180787,182.55275486210013,365.3269808691324
DS2,0.0,0.0,2213.1215194932583,250.10314001071862,24.30615915380944,125.86453814473568
DS3,0.0,0.0,10151.379891393006,282.99203147168424,117.95169519869243,460.997243628973
DS2,0.0,0.0,4144.302482885703,162.91179833302485,27.09616965162839,210.06179743280998
DS4,0.0,0.0,18071.949387515095,554.0219564417091,147.85225102165776,634.5367277167512
DS3,0.0,0.0,14469.698238738754,200.91833603523258,562.1246916652818,578.8136522473443
DS4,0.0,1.0,29511.88744405762,763.2156245162031,1075.2464770836077,1242.4712257919966
DS4,0.0,1.0,62239.870181191116,687.2700395672557,564.5529565107059,2675.8152083738105
DS3,0.0,0.0,18440.91283827703,278.54335157458473,105.75474701014822,690.4933851318955
DS4,0.0,1.0,43235.647994437095,682.0775608982597,543.0427159751265,1577.5178954824448
DS2,0.0,0.0,7007.060390579692,253.1602669744341,39.32219761391864,259.54284069894794
DS4,0.0,0.0,41387.90200578401,415.11555894415727,333.3739288677533,1605.284113020259
DS2,0.0,0.0,6614.385539134693,296.46056765226973,43.40542503617353,330.03543547312415
DS3,0.0,0.0,13348.35375185449,328.89886265698885,146.86554582907138,710.6186161776043
DS4,0.0,1.0,27502.10080448949,563.5881163028804,159.17686624563234,1183.363707545934
DS4,0.0,1.0,21915.08974717634,709.058995479656,237.93582643207702,892.2324644432173
DS1,0.0,0.0,1017.079232401285,92.83284093309959,5.324992642882095,57.34632368767731
DS4,0.0,1.0,18107.152104662982,768.8864868915696,165.5880554429333,721.5920653037482
DS3,0.0,0.0,13258.47958178897,365.43856403321314,53.43698978491136,616.1759342322598
DS4,0.0,11.0,88616.50810730326,584.7175236566875,1285.2298090472254,3925.2385069180264
DS4,0.0,1.0,46741.012704734545,621.1187695724158,1296.1164574499187,2717.1671226992385
DS4,0.0,1.0,15617.847238432847,502.10784231672295,272.7283660976274,736.7662384517978
DS2,0.0,0.0,4144.067962609653,279.09378007901853,58.892113704703945,161.59856801408662
DS4,0.0,0.0,23917.6118123335,539.6302775954184,172.0034163774927,1138.2195061548377
DS0,0.0,0.0,0.0,21.66153091190315,0.0,0.0
DS4,0.0,0.0,17799.9261226763,676.3586670676216,270.4806962984921,719.4239382876665
DS3,0.0,0.0,27970.549703630055,254.38801695722145,368.3336989213119,1236.1763252571436
DS0,0.0,0.0,0.0,49.709810817263005,0.0,0.0
DS4,0.0,0.0,21369.99082345638,552.5469927156526,423.55288954824385,992.8311844598976
DS3,0.0,0.0,55345.33061060382,325.3545564499433,325.47451745558703,1896.0870258370396
DS3,0.0,0.0,29063.64923068985,344.5178012998391,192.5378271990204,1136.498838335709
DS2,0.0,0.0,2035.6500129800925,117.82201102527699,44.71024096828631,81.35906921412057
DS2,0.0,0.0,11764.729152174063,182.81651898067216,128.5996347486958,402.7445550326924
DS1,0.0,0.0,1336.8442676147133,263.81949855707336,5.998801784730024,68.04305668537883
DS2,0.0,0.0,8143.038472698059,156.87477842304486,161.6139266012239,327.1391425166779
DS1,0.0,0.0,879.1483164792194,75.89257316427683,4.7881588527961245,50.340277958176735
DS0,0.0,0.0,0.0,24.415537434056915,0.0,0.0
DS4,0.0,0.0,43063.034375209965,686.3160831294821,159.97944930221746,1364.3774000616538
DS3,0.0,0.0,15984.210094533175,307.21502646457293,178.63148680936274,782.1822860219615
DS1,0.0,0.0,1558.2529301847333,125.81476630888328,4.809146828076438,48.1468488122565
DS4,0.0,1.0,12992.335713921024,442.6550527251052,260.766265531489,666.4494761857717
DS0,0.0,0.0,0.0,231.58497819395225,0.0,0.0
DS4,0.0,1.0,45989.92705478793,613.239516254296,676.767763149869,1489.703779884971
DS3,0.0,0.0,27625.361514965945,315.60622531905096,168.9444440747117,690.2299185302367
DS1,0.0,0.0,1428.2031187257364,81.41870442069528,7.2301942134210435,71.24045527954222
DS0,0.0,0.0,0.0,150.02237142353886,0.0,0.0
DS2,0.0,0.0,9020.26581798416,221.58015065447802,48.61311049441957,442.70239738397316
DS4,0.0,4.0,21664.917511468215,777.7407210370311,573.3518092942882,872.8120000189969
DS0,0.0,0.0,0.0,286.79158378877344,0.0,0.0
DS4,0.0,6.0,35282.78325460064,448.22770749647134,397.6196484494278,1707.5324169055798
DS1,0.0,0.0,715.8840833024192,70.83453231708121,6.248528754285159,36.54634596844009
DS3,0.0,0.0,41359.20154565943,313.1399375034127,318.6946542161712,1023.2006630571861
DS4,0.0,1.0,33734.19642771881,495.88091468366827,683.1180064773492,1293.0442927495765
DS2,0.0,0.0,3876.311989717675,147.85081912122743,35.65655768559745,123.83686255157333
DS4,0.0,0.0,13924.471571414786,473.85861327152736,155.20505350772157,725.9103508444673
DS2,0.0,0.0,5074.997933513005,149.1966669918736,45.06693655519672,208.93861466876464
DS1,0.0,0.0,2171.9294727562624,67.95168154687062,13.446847175867532,110.724623162061
DS0,0.0,0.0,0.0,13.031113684489023,0.0,0.0
DS3,0.0,0.0,23680.680993070935,240.3471840088789,103.10258668332052,830.0029671212826
DS0,0.0,0.0,0.0,12.321334757486635,0.0,0.0
DS2,0.0,0.0,2728.930447546348,236.60698552478243,25.972162384097683,167.82355317682104
DS4,0.0,2.0,99235.57745893269,601.935504545205,1514.3578111812824,2773.031726424713
DS1,0.0,0.0,2258.4766605522445,92.07246316629802,7.619931237496201,80.77646231751565
DS2,0.0,0.0,4255.990134378861,164.4049654026118,75.70455463699561,212.13249630520386
DS1,0.0,0.0,410.56513088276046,107.92493126038495,2.03274805551114,19.830949738565316
DS4,0.0,1.0,29636.92814378883,373.564047893405,220.18507318281206,1198.5669798334125
DS2,0.0,0.0,10065.924960408029,191.77046502288078,107.167798438599,394.6942330663339
DS0,0.0,0.0,0.0,29.932596813975277,0.0,0.0
DS4,0.0,1.0,27738.612199240066,515.503723350918,522.5479438840066,1091.5242458185594
DS4,0.0,1.0,22111.226955239254,585.0291306023312,1046.643079980171,1757.5746246202473
DS1,0.0,0.0,575.4559706924077,133.49515960863945,3.317276498752048,46.360884910231505
DS4,0.0,2.0,42091.40160663879,534.572866593151,504.6408154077413,1709.8684324318747
DS3,0.0,0.0,35841.87998926311,227.17747314993198,430.0871508976532,2163.582406714099
DS3,0.0,0.0,23121.686375707937,386.9417864708896,360.0915292696111,1190.0631646394343
DS2,0.0,0.0,11600.201101890698,293.8605821206608,89.35261298235787,380.9552632294965
DS4,0.0,1.0,25266.31592546164,623.92547616394,504.9118737463426,904.1897385858433
DS2,0.0,0.0,2483.7613429638736,216.9181743559032,19.98722381464233,169.9420184027362
DS2,0.0,0.0,4474.187848071454,299.3614500345972,75.87343568089615,336.0668959995162
DS2,0.0,0.0,4159.178706486842,347.66340957759036,30.472135795853625,147.0385177282019
DS4,0.0,0.0,30766.14501914226,493.1814776298355,400.3719664640789,1138.7372746466679
DS4,0.0,1.0,40879.34784960491,627.2709598529088,409.45696930103543,1398.4739161748894
DS2,0.0,0.0,6020.855843246956,315.2387297471845,66.61364332512301,233.04561314684298
DS3,0.0,0.0,21602.35378753063,257.4036644466603,207.42594452726595,1028.1121359357612
DS2,0.0,0.0,4712.664731303024,262.0457919557743,61.08598789695038,181.7572254532377
DS4,0.0,1.0,23467.950453886064,728.6026853696312,508.12184425548463,809.0243378995303
DS3,0.0,0.0,18279.18933890784,272.55683622569023,185.24359266839372,1075.6749348732374
DS2,0.0,0.0,9108.782423259383,329.3327981804212,125.98888589753832,399.5024038556714
DS2,0.0,0.0,2840.2241226668307,210.71953579212587,20.318910199744177,111.1235639265341
DS4,0.0,14.0,57102.70711308535,588.4226097059448,1188.350901619132,2342.4452485495035
DS2,0.0,0.0,2831.4315686087034,200.26403911833125,11.958447148361783,148.13124882486176
DS4,0.0,1.0,34030.359493038035,899.6439745058046,432.59217587731183,1124.8503490806054
DS2,0.0,0.0,10582.024211620383,270.78777823170634,151.5837066064047,353.2030602456469
DS1,0.0,0.0,1024.0646096214725,93.85179600332044,9.744865198355278,77.82946955894556
DS3,0.0,0.0,14164.703014821895,251.05037405151197,84.96499441751922,633.97141588843
DS2,0.0,0.0,11824.186350569958,258.03870124637604,121.48415752252446,350.9951001210396
DS1,0.0,0.0,530.5743154174033,259.1993676288018,6.084252704204977,22.211524100592115
DS1,0.0,0.0,246.0815633924615,324.77940978008246,1.7205105266357688,19.42354634015368
DS3,0.0,0.0,11558.8334738316,176.4934487103813,157.38794875692116,555.1442542882346
DS4,0.0,1.0,38992.3925286253,567.0418901327505,799.4876254489099,1513.2272320866443
DS3,0.0,0.0,21992.41487093089,391.7041542161809,229.29008659149616,1070.2898471680287
DS0,0.0,0.0,0.0,200.55684834138194,0.0,0.0
DS2,0.0,0.0,7379.126289685633,181.36815791095495,67.45548415493363,276.8479963375213
DS4,0.0,2.0,73633.87251738613,796.9686030177852,1499.5843319437904,2319.457832800299
DS4,0.0,0.0,14507.375662600803,480.313691543819,418.29196766952333,815.3629661861386
DS0,0.0,0.0,0.0,54.037915332742735,0.0,0.0
DS1,0.0,0.0,2440.9332389114325,88.30550856686749,12.147221242449463,128.67830623670565
DS2,0.0,0.0,6206.410503698268,189.44474466320926,77.89276880790733,229.44988081244824
DS1,0.0,0.0,493.69201682013386,113.45178414470713,2.493760517639587,21.062422952894785
DS3,0.0,0.0,10343.708115617612,368.2338518587117,188.7292720503951,348.0025716759394
DS3,0.0,0.0,23930.33105923992,240.6589081973512,207.19732107775246,1583.9520526337021
DS3,0.0,0.0,11779.934356090364,290.49456955033463,120.04721196875317,445.56725982863753
DS3,0.0,0.0,23789.449131880938,308.1754577139124,121.08182055543816,670.0109377462271
DS4,0.0,0.0,26990.903398522092,387.03496043006965,620.797505397034,931.5454799436448
DS3,0.0,0.0,18119.60100312301,298.34663952983965,84.13443445680218,558.2416414768005
DS2,0.0,0.0,3714.218203693797,371.394500083612,78.70453982932644,218.7866872815258
DS3,0.0,0.0,8299.138473429352,234.25119854393867,183.9586048686852,496.6691477282253
DS0,0.0,0.0,0.0,27.221353302941672,0.0,0.0
DS0,0.0,0.0,0.0,68.57763346943976,0.0,0.0
DS2,0.0,0.0,2201.8297870897422,317.0637921156717,35.77743382474742,89.03606112603184
DS4,0.0,1.0,194151.5206146038,811.1294701689988,786.9394522284458,5717.261594718861
DS4,0.0,1.0,69418.91961472284,598.3092866742825,1029.8358157342836,3188.1687145638466
DS3,0.0,0.0,8634.482481341283,232.42505232361358,82.75586693629707,311.4912098209645
DS3,0.0,0.0,4391.891014058435,288.93131344642086,131.61559351242886,195.63781244754048
DS0,0.0,0.0,0.0,12.818575775396937,0.0,0.0
DS4,0.0,1.0,46256.70401187663,817.4879664938695,356.5672455255792,2214.945749167145
DS0,0.0,0.0,0.0,176.80527933092526,0.0,0.0
DS4,0.0,2.0,101425.79090408824,601.5216306570654,1959.4824158043177,2418.8561434115554
DS3,0.0,0.0,16464.619630963636,291.0699377011748,276.4723403199705,1024.6988799544924
DS4,0.0,0.0,23672.406079066197,602.4659135361524,622.409471709534,957.6777876405278
DS3,0.0,0.0,9424.843300091088,237.4581992776645,121.5232470037595,588.6344218199035
DS1,0.0,0.0,1136.7723142798245,91.76806276760779,8.705562682490445,84.17614024757006
DS1,0.0,0.0,180.3942399974252,77.2613617520023,2.029552768173377,16.45003908008329
DS3,0.0,0.0,27963.75702556156,280.57719583004393,110.95408669689235,1039.4080732336542
DS3,0.0,0.0,2853.289967193345,269.4863296164633,78.73988631736646,125.42601550045521
DS4,0.0,0.0,37682.92493333989,695.7833207172405,1166.1387124959622,1239.6213335030047
DS2,0.0,0.0,2270.025723670567,222.08682824381043,80.24539454012611,113.3408673266898
DS2,0.0,0.0,2453.285474985291,300.3697813963414,69.84300617439897,96.66368028244821
DS4,0.0,0.0,17026.822426588053,848.9438181990001,1513.4072490997833,643.2893969502101
DS2,0.0,0.0,1355.0728587402032,198.68191651274736,53.625220957097625,51.46482889824709
DS2,0.0,0.0,1767.037584861872,165.7315218231413,45.336103786997946,65.67636828956743
DS4,0.0,1.0,42700.47091880208,690.1131784434391,157.27580754007352,1408.983636317097
DS1,0.0,0.0,212.17195528023447,69.68529739053075,1.6609231806851086,12.992655960814922
DS2,0.0,0.0,1312.7525996891422,130.82884477517067,8.414160461127068,30.920711912812493
DS2,0.0,0.0,2677.9707194022485,244.24792070306265,73.61567423787297,132.4955924143987
DS2,0.0,0.0,2438.8617432748724,180.32470326687508,55.82717980769123,103.3712973492691
DS2,0.0,0.0,2881.683967358652,230.33457404889737,14.629845725001076,118.28118400100131
DS4,0.0,9.0,31648.849560327093,550.6326663018524,224.20852131007604,872.2969020098974
DS3,0.0,0.0,4444.582715259994,247.4111595230845,73.03466181399355,187.43604519496148
DS2,0.0,0.0,938.5139158549915,344.1973925571286,15.154286400189289,49.092328935225574
DS3,0.0,0.0,4168.237175912853,212.02478052917417,92.34984937193084,151.8389242143286
DS1,0.0,0.0,105.59489817119068,65.60253185884105,0.8152649914211296,6.373311831753156
DS0,0.0,0.0,0.0,24.03495219529063,0.0,0.0
DS3,0.0,0.0,2894.45396850513,471.84132932581736,119.19400202167982,134.03136600309918
DS4,0.0,14.0,36132.49274997771,923.3639451230965,1424.0083711332666,988.4080744602581
DS3,0.0,0.0,5378.921747423647,415.94668042602325,237.18764519739372,284.22578293784795
DS2,0.0,0.0,1618.6418454499703,166.74718937299525,29.942397574402786,87.2902072391992
DS2,0.0,0.0,2905.7552388257227,237.60247598160973,119.54153751808563,111.97201199857084
DS2,0.0,0.0,3078.8100775315547,189.63778837019046,72.72486466776535,102.26454371081215
DS4,0.0,0.0,11677.10473172011,674.1662599316483,706.6554806659688,405.0291054455687
DS3,0.0,0.0,2663.913447978251,264.4599456996286,95.61469805574292,136.67119580005902
DS1,0.0,0.0,155.50113174118417,214.33517776644752,1.531367203935168,9.256253827622158
DS4,0.0,0.0,10748.233570537863,749.476134327125,543.5345587572218,340.93962696684673
DS2,0.0,0.0,938.0099031364916,231.4166020351531,8.49306866980826,32.19228630208523
DS2,0.0,0.0,1651.0726217238691,275.0123530629992,22.076785980099256,65.70043293093363
DS3,0.0,0.0,12407.308173042822,339.996529241261,159.85994521107278,449.30979495853
DS3,0.0,0.0,8083.051634548114,283.1397827897619,139.0352720260034,210.7913347446937
DS0,0.0,0.0,0.0,146.77147127992427,0.0,0.0
DS4,0.0,0.0,8911.027285357723,581.3045965398002,395.54739491051686,359.15709023676135
DS3,0.0,0.0,2461.418738927382,283.3523806253158,135.33469316869147,111.06387965055184
DS2,0.0,0.0,1961.5854669635996,244.98877456194296,6.816298875935478,88.0226053103279
DS4,0.0,0.0,19881.467674379735,540.3938808628203,541.0003896518696,865.8433986368032
DS3,0.0,0.0,34420.708593096235,201.5566541633133,706.9369281113296,1471.5718986667052
DS2,0.0,0.0,9419.229784941685,141.74608021851904,51.77375243351486,365.1710540887604
DS4,0.0,2.0,71493.28824319193,385.8573050386678,1174.6027420952298,2714.407140515446
DS3,0.0,0.0,27077.900299583078,168.14760168377376,202.17595061226882,1035.6265348383602
DS2,0.0,0.0,5043.992023865726,153.19111623775277,34.48561135818765,339.0504366453387
DS3,0.0,0.0,10913.403923958675,305.246534505637,66.58765107711535,275.22716793440475
DS4,0.0,1.0,84754.62192052125,448.9174439180361,1345.587403423854,2341.71275515677
DS4,0.0,0.0,37177.12304166728,588.2622520419924,294.33121171889326,1080.5027240655284
DS3,0.0,0.0,19872.858552361387,377.9955027200854,224.34034740838618,897.969897217135
DS2,0.0,0.0,12307.66811254702,231.03022156344983,58.31204301512604,560.2783762541973
DS4,0.0,11.0,52305.876689768265,365.82011072425587,516.2120984384754,2262.268640172352
DS1,0.0,0.0,479.3838660596496,67.7111195538226,2.596664806376384,18.49162421704291
DS2,0.0,0.0,11664.074348706497,557.4574269521813,50.63703687357034,348.3954752289584
DS3,0.0,0.0,9160.638462777253,388.95755766137495,82.81288915233785,349.03406146737746
DS1,0.0,0.0,1352.5590969353561,149.59161753686112,6.504819700152391,77.53734339848376
DS2,0.0,0.0,8815.867585155325,238.36828611242825,90.0691883621016,455.1298847479429
DS4,0.0,1.0,52401.23987044602,688.1905531293646,977.9287647686705,1440.8049558119967
DS0,0.0,0.0,0.0,68.6223127052411,0.0,0.0
DS3,0.0,0.0,20324.440793526283,395.49215697097964,359.28260535204083,1022.9913388828717
DS3,0.0,0.0,27861.84993112625,259.360514925057,253.85211143734432,1058.0862175158627
DS4,0.0,0.0,34073.965805649554,447.41968980740353,244.88560617374864,1188.738839976566
DS4,0.0,1.0,119088.15486011164,461.31525116613085,734.1905536258772,5371.657962999257
DS2,0.0,0.0,11127.412551875099,322.63824985433536,120.31382898469234,526.3763248809165
DS1,0.0,0.0,942.6680503416945,88.2316715424944,6.588789484507062,46.51109581209956
DS1,0.0,0.0,903.3642963444001,82.29765312758622,7.508233351862762,66.86614920459546
DS4,0.0,1.0,41249.08112684042,586.6898740113097,392.93431356067043,1494.3396523980837
DS3,0.0,0.0,9822.89759273864,346.1513995988113,193.48895427148886,478.56979683298374
DS2,0.0,0.0,3625.412736309184,184.4686274759841,26.023420415446203,122.5729532289793
DS1,0.0,0.0,872.8166845538818,159.92364513771392,6.603284265025129,47.254380318334626
DS0,0.0,0.0,0.0,10.650759365454544,0.0,0.0
DS1,0.0,0.0,949.2941152477383,91.43190570745439,6.91021717489817,41.1025971763501
DS4,0.0,1.0,48260.55094189431,624.1439864857985,1223.5847630551837,2141.5567070096067
DS3,0.0,0.0,40320.133537374146,245.83111931444728,232.28327248472254,1757.3379314237302
DS2,0.0,0.0,2073.595536343074,281.08324344772797,22.735911143469934,91.25395496323176
DS2,0.0,0.0,8442.39067495363,228.3686205094292,91.89650855841022,382.95911255509304
DS4,0.0,2.0,100503.93094040386,622.7106155530345,1257.438601088833,3441.900405050541
DS3,0.0,0.0,11752.456653610108,310.79976849772686,239.9134864350949,537.1294347817845
DS1,0.0,0.0,326.3243577074178,85.27389429043654,1.305072509421989,13.542769775189822
DS4,0.0,1.0,93732.93304466536,564.2541663902665,528.6093098136979,2613.700432350635
DS3,0.0,0.0,9963.530209396453,216.3810947306307,75.62971954642171,456.298017614997
DS3,0.0,0.0,26238.68242660428,398.9914331292807,126.75426388189373,1464.4757274498138
DS3,0.0,0.0,30364.8113147809,267.4178675972261,240.30773682140367,1271.3395413040478
DS4,0.0,1.0,67521.8661098867,751.7416079150892,651.8604941775878,3735.4047772325684
DS2,0.0,0.0,10554.854923771778,251.25987421217945,121.71119943196382,401.5096633248499
DS4,0.0,1.0,25030.079532686228,571.3630545841849,642.6441305105541,892.4969556183642
DS3,0.0,0.0,13154.550012888323,287.5029421382572,96.21240029008885,668.2921949293159
DS2,0.0,0.0,4244.140304280585,168.11552349130162,34.8346438678266,286.57644620574206
DS4,0.0,1.0,31167.00426400126,514.6637306628181,218.80076393476762,1307.9994807600324
DS4,0.0,2.0,123251.33702146924,548.7242017897404,788.5413349360269,4031.421106008468
DS2,0.0,0.0,2437.6662115634413,258.2051954451191,31.510741637282862,143.54845823451922
DS0,0.0,0.0,0.0,211.74564387702281,0.0,0.0
DS3,0.0,0.0,14193.510899478497,240.2461005243422,251.53146920929996,693.5226358710725
DS2,0.0,0.0,7626.153411439809,222.86484964551846,56.89122474333977,292.03382896676015
DS4,0.0,1.0,19837.036259687615,732.4073355688685,92.37625851328673,919.598011523718
DS4,0.0,2.0,92460.81386575659,647.9436581457887,1013.1244322516194,4593.829262034371
DS1,0.0,0.0,1351.468665339012,135.93666175784796,4.943522850837496,64.61220740303995
DS4,0.0,0.0,22172.456087560065,1185.5947761015113,752.6210049679347,747.0095587627
DS2,0.0,0.0,3594.5128944971357,349.9573982008316,32.670191029836964,143.31774109883156
DS4,0.0,2.0,79898.94145431009,826.6373540184271,573.6871870489841,2275.163333836683
DS2,0.0,0.0,9428.614885892686,245.66470892214073,101.79772835617764,313.2977520349251
DS4,0.0,1.0,29015.533957439555,861.3534201001993,165.67144165166945,1275.385987568611
DS0,0.0,0.0,0.0,39.17872478516414,0.0,0.0
DS3,0.0,0.0,31312.165742229394,749.6401585017086,202.2728846231327,1728.2957604148837
DS3,0.0,0.0,37694.231186087345,307.28578866099343,614.3611831621921,1256.2019739374757
DS2,0.0,0.0,4338.888510966943,185.5659770210699,67.31729904462367,259.4647901159381
DS3,0.0,0.0,16285.729459659942,297.26262738496575,331.88564610288375,670.2018585190351
DS2,0.0,0.0,4845.434761922972,187.83023079741338,63.24083821291665,172.76182332516572
DS3,0.0,0.0,17689.765426635076,398.34301359696315,149.04723096698274,685.6551319310602
DS2,0.0,0.0,2765.0451459239443,392.98179482990395,35.85820053444235,91.116900637191
DS4,0.0,0.0,19978.71033099853,502.9799517332334,568.9565797071549,549.6063212259869
DS4,0.0,1.0,143323.64366677598,366.2614983082282,3545.7509444363045,4723.860936530642
DS3,0.0,0.0,26012.38077244081,302.60049228061695,191.57225215140545,1068.4546643651202
DS1,0.0,0.0,755.7773912236446,383.6553633556037,6.587715175117001,72.21772590125903
DS2,0.0,0.0,5471.950030031651,237.1249918227257,61.51195599399926,245.9926767597756
DS3,0.0,0.0,15744.189186024301,365.9380385525316,550.8542868014189,1097.3742612983942
DS2,0.0,0.0,3789.9778233181382,276.658143152784,36.258143037203794,148.17400927767434
DS3,0.0,0.0,33033.49806624183,288.3856692984518,556.0400955732599,1234.0373125294773
DS3,0.0,0.0,29718.430701792844,217.5668219974463,278.95275496904,1734.4782835498359
DS4,0.0,1.0,37283.464096919226,1663.0547469922647,888.7513007035155,1518.0989734194654
DS4,0.0,1.0,22402.35600421142,772.8080170714145,268.9315336821352,1304.4358597403184
DS1,0.0,0.0,576.7579882805607,208.53808478656768,7.158384407778943,41.64272612422724
DS3,0.0,0.0,10799.027975688101,359.6402897520997,246.55219279477532,481.2216612249771
DS4,0.0,0.0,39433.83267696392,623.7681358267005,142.16476097517324,1327.7463560603335
DS0,0.0,0.0,0.0,111.36222048220066,0.0,0.0
DS4,0.0,11.0,128551.0902714646,441.83836518520286,2022.919920422124,4346.9003061658805
DS4,0.0,1.0,26114.653710800594,684.8458236478018,303.4796823933215,1074.1091160512035
DS3,0.0,0.0,6148.35954873771,313.513979053509,149.7169309182347,374.9874019105321
DS4,0.0,1.0,115203.0228611544,518.368906920605,1474.9048073488423,4229.226016160148
DS2,0.0,0.0,6421.780498593319,243.3548885071631,66.83246882031204,296.6042632427058
DS1,0.0,0.0,886.5693559277302,108.43887650239495,7.235270776924396,49.48708019480037
DS4,0.0,1.0,43449.7440316446,911.5795662046082,769.1126033520669,2059.1176855888516
DS2,0.0,0.0,4033.9353521525372,299.95688352720134,98.1303558201923,234.43856781632493
DS4,0.0,1.0,76976.4075850452,633.7974222281013,821.1726064465208,2870.3474733838384
DS2,0.0,0.0,4760.0905137106765,181.88675584929467,50.49425442993973,309.8649606751027
DS2,0.0,0.0,2049.745107311321,200.3558544303454,58.10144931335364,88.57975042435426
DS3,0.0,0.0,25591.718869738845,203.66239672395193,319.24703919361633,1013.4219965085153
