DS1,0.0,0.0,481.57785979184416,84.19157619584693,5.207080177007122,38.04600264189671
DS2,0.0,0.0,4509.503193946684,200.22008879105672,61.6919284843143,180.78664874690918
DS4,0.0,2.0,67144.68760468632,643.0271908276178,847.2199072349488,2755.5397072284245
DS2,0.0,0.0,4726.297176484538,269.46884028243534,151.9578251700435,221.50883783399348
DS1,0.0,0.0,973.0906260887323,135.6514746801167,4.499895038121607,33.87457262872805
DS3,0.0,0.0,13222.610558671318,378.34245104570203,818.406852567684,438.2289406349058
DS3,0.0,0.0,21249.691905917876,350.07033296753485,66.06856776967763,811.9243824300481
DS1,0.0,0.0,375.15711589936257,193.47285549998784,4.473546609714784,32.35883411398974
DS3,0.0,0.0,13424.464384193656,351.0398330363577,550.6516421810902,622.3609012335457
DS2,0.0,0.0,3142.8228325417704,298.80399802505036,34.423344354334816,166.82156470790886
DS2,0.0,0.0,6151.52498188205,208.91442053329618,121.34955546045981,211.77162817215978
DS1,0.0,0.0,296.0617923855978,94.71942059434505,3.0965007439780483,12.087582425774995
DS2,0.0,0.0,7342.80899110911,235.61898766682137,339.6830595130087,332.37388249632124
DS2,0.0,0.0,3681.0328556355557,333.2684865621,66.4790090183638,212.1155937449732
DS1,0.0,0.0,273.2239766386262,57.360055274715165,3.4745142386519072,15.883176463549624
DS2,0.0,0.0,4005.8123426870006,143.15023586591428,42.96591176482977,141.20784439202907
DS2,0.0,0.0,5300.146374649214,192.00604655900867,136.50895090905894,181.63519087116913
DS2,0.0,0.0,3200.806286723394,189.04564701100446,100.21065894886772,127.70478666687153
DS4,0.0,2.0,70997.4724370802,533.0481340279656,2255.3764788193243,2186.6557902693594
DS4,0.0,2.0,88918.13833040145,981.4399677763964,1765.6139026506864,3648.527737764399
DS0,0.0,0.0,0.0,90.84901806780405,0.0,0.0
DS2,0.0,0.0,5414.933050919466,242.10731652929218,141.50618333273505,255.93738729962854
DS2,0.0,0.0,3203.46510599048,152.01842788192644,125.00615687790727,111.73651368959831
DS3,0.0,0.0,29965.217510606664,547.3981765764705,843.6248221640617,948.9053718339803
DS2,0.0,0.0,4247.858362220112,312.1073697276417,45.32405897572719,312.7161015575696
DS2,0.0,0.0,8725.956642272278,328.598160497944,71.76101555844474,506.400479120865
DS2,0.0,0.0,2532.4148393070554,232.18598118968808,53.25946013887796,70.17582021291473
DS0,0.0,0.0,0.0,48.562377302981616,0.0,0.0
DS4,0.0,1.0,25927.008739123125,691.6736527657763,209.04689005109853,1127.5095086336646
DS2,0.0,0.0,3427.3624285968767,609.2402248346148,61.33873495866902,168.56581024798277
DS2,0.0,0.0,6203.646164149544,305.60242124767024,124.39772344453208,324.7303099563647
DS2,0.0,0.0,4485.283317995595,208.9107532115873,76.89593648910957,241.1347846993366
DS1,0.0,0.0,1004.9427981141604,421.3096560117062,6.888848137019874,72.72529866610485
DS3,0.0,0.0,12552.072012260545,309.21298941889177,176.93385872648173,371.5822605929557
DS2,0.0,0.0,7978.725741524623,161.1913385895208,94.67312570389909,371.1029848197707
DS1,0.0,0.0,1038.5698767774975,69.61980642867898,6.471701427879561,49.64088245436253
DS1,0.0,0.0,3326.094176638828,77.16279935690908,16.620159429129412,94.03075958895104
DS1,0.0,0.0,188.79206153172933,64.4585177282387,2.602607761341074,16.942682587736577
DS0,0.0,0.0,0.0,88.80772174703756,0.0,0.0
DS2,0.0,0.0,5847.954191842524,192.35207710066248,173.65458637920608,198.80469521715133
DS1,0.0,0.0,420.7212910915588,80.95412310013579,2.70740743400564,18.750100168525563
DS2,0.0,0.0,3155.900213350341,221.08919208568645,35.534379008998044,123.92115734944475
DS0,0.0,0.0,0.0,24.073924365382613,0.0,0.0
DS1,0.0,0.0,438.7719398797126,158.1065561282844,1.92704088731778,21.285190203956212
DS4,0.0,1.0,52563.82078853187,584.0783674707825,212.8354076594439,1839.0937011469782
DS2,0.0,0.0,5253.179584733553,167.099748209841,98.29600689400004,230.46636571064408
DS3,0.0,0.0,18438.05334708089,319.3431606726808,241.05545864862285,940.0786973936987
DS2,0.0,0.0,9094.575633972505,561.9342572972881,76.55606333365137,471.77751910094605
DS2,0.0,0.0,4544.593462964187,181.10170428642596,32.58202818001297,115.99283497210898
DS1,0.0,0.0,985.4282191349348,61.65455829528065,4.555484092099811,42.04478157547075
DS2,0.0,0.0,5210.683107919134,200.77421748077373,112.88619066562691,493.3795161730782
DS1,0.0,0.0,952.2337401801367,53.3969985591552,2.9431687850017676,45.40814626967215
DS3,0.0,0.0,10059.884258694758,278.4048203234972,105.13271266026828,512.4527111501142
DS1,0.0,0.0,518.0928420942028,94.81035575987492,4.85307232274396,31.00603013575393
DS4,0.0,1.0,61718.90225359489,483.23796709222484,340.8860717694362,2484.4551012265656
DS2,0.0,0.0,1845.1737981946198,238.89833027864208,9.903793795654865,83.57959950540305
DS3,0.0,0.0,24625.432181094646,263.7905459280396,133.92165439970805,1219.8109054582935
DS2,0.0,0.0,3218.2334791763687,292.08395795265596,41.59317241321158,181.82954111398453
DS2,0.0,0.0,3066.3621451116433,191.10258103809622,16.687048442057282,134.72873016762742
DS1,0.0,0.0,665.5257082643056,145.42069700240611,4.442685761030541,35.103586060774774
DS2,0.0,0.0,7769.682393665223,254.71483603471552,71.97249009323035,442.6534928307173
DS2,0.0,0.0,10028.869543870162,364.0758365512058,97.17309725945522,528.8086548161701
DS1,0.0,0.0,461.7757042848264,92.435005233282,4.784260352849044,41.224063909077245
DS1,0.0,0.0,847.4727740253572,114.74762052673313,11.829918941844934,50.852095213045914
DS1,0.0,0.0,750.6830769418639,82.41404125065063,4.985036028509425,26.403665738174162
DS1,0.0,0.0,1054.1547549246245,65.07881675888862,9.641568058871638,70.57330058370252
DS0,0.0,0.0,0.0,93.5252300467688,0.0,0.0
DS0,0.0,0.0,0.0,208.4494610611769,0.0,0.0
DS2,0.0,0.0,4572.719875576163,200.7065883126432,58.96085895190671,258.5205648055154
DS1,0.0,0.0,1336.96253283653,81.64826741324806,7.749359098077763,36.186777028300654
DS1,0.0,0.0,1389.7829951460985,324.8814587385199,7.323915347696147,44.07083871398306
DS0,0.0,0.0,0.0,17.655794294869228,0.0,0.0
DS2,0.0,0.0,7881.389370127678,225.56744469204983,72.06760481587428,613.6190037332874
DS3,0.0,0.0,6578.038834252828,217.30340864277343,49.179270488351584,410.3687552742263
DS2,0.0,0.0,6015.418181486232,204.39804320434934,76.81756391861046,246.42673935219725
DS1,0.0,0.0,1232.2748077443143,102.99454934703871,8.385608086547915,90.92736346645817
DS2,0.0,0.0,7328.811291281303,454.1971111863302,51.77316141252897,183.26622208521985
DS2,0.0,0.0,3007.4173325226047,306.86502924348537,47.30540452865529,140.40839766636418
DS1,0.0,0.0,774.9867804029601,117.07788442038618,4.434116544011758,26.968713590754103
DS2,0.0,0.0,2342.1680374076623,216.5327009956696,29.697112887468542,130.0566945231506
DS1,0.0,0.0,366.45630314778833,110.61916131255236,2.8417719427622776,23.09057528260744
DS0,0.0,0.0,0.0,51.5396553674988,0.0,0.0
DS2,0.0,0.0,4687.865732565292,574.3782439200144,41.25962026178517,211.86424769682768
DS1,0.0,0.0,274.58850444413156,93.85231159014708,1.3035134206695556,17.722139552102405
DS1,0.0,0.0,931.3464965302371,120.27684555094122,5.252314230222108,49.96906663323317
DS1,0.0,0.0,1122.5530107054808,83.79046415322684,6.084713068808912,64.29774615869701
DS0,0.0,0.0,0.0,11.13967774759773,0.0,0.0
DS0,0.0,0.0,0.0,71.3301493293944,0.0,0.0
DS2,0.0,0.0,5428.622240073953,637.8134664319582,49.9758140424567,218.84653118297626
DS2,0.0,0.0,1688.3291556189427,247.37685274256037,30.57065684052545,63.78937016103808
DS0,0.0,0.0,0.0,32.221610344203036,0.0,0.0
DS2,0.0,0.0,5249.257909878048,244.43756823994346,152.8407988241605,320.27593727316895
DS2,0.0,0.0,3188.812408633273,153.77442524973117,27.708739827906175,176.16892716271468
DS4,0.0,1.0,66381.68009310908,451.93140052546744,528.3412329639947,2392.0298840980545
DS2,0.0,0.0,6212.559423176563,405.1709143504472,73.83751921105934,439.1092500981794
DS0,0.0,0.0,0.0,19.1982262021885,0.0,0.0
DS3,0.0,0.0,26611.9474775836,263.2484980691521,297.3901917972521,1203.6072788995739
DS1,0.0,0.0,2687.8196036045183,91.63126167367109,7.8214993848290995,111.26375206961656
DS3,0.0,0.0,16098.060215613252,372.70012215461753,226.51358011693185,941.616062121935
DS0,0.0,0.0,0.0,32.30199140556289,0.0,0.0
DS1,0.0,0.0,1088.4584073836459,75.28315507101786,8.844588489694784,93.58208261031065
DS1,0.0,0.0,446.7830436145907,96.64970388750932,1.680540480690989,19.593838488815013
DS0,0.0,0.0,0.0,118.91296066488029,0.0,0.0
DS1,0.0,0.0,787.498809827589,89.82089030796188,3.3146312510954132,18.22703659803626
DS3,0.0,0.0,6792.729795302705,372.82180419553515,109.996512932086,358.47813567285164
DS1,0.0,0.0,889.8014864408563,90.36904189864052,4.225823807391603,30.178171999674035
DS0,0.0,0.0,0.0,25.414751916316387,0.0,0.0
DS1,0.0,0.0,1888.4305944970274,377.8885883205615,7.4842066213620795,59.54842836361384
DS3,0.0,0.0,15807.153992162854,300.21056944609603,91.43688872531787,418.8598065919617
DS0,0.0,0.0,0.0,119.6784615091859,0.0,0.0
DS0,0.0,0.0,0.0,10.315485019219633,0.0,0.0
DS0,0.0,0.0,0.0,16.127242910025913,0.0,0.0
DS2,0.0,0.0,8035.295567515479,224.87680776977567,104.51733206043458,523.9867284335219
DS0,0.0,0.0,0.0,12.021263671445718,0.0,0.0
DS0,0.0,0.0,0.0,64.23299531943127,0.0,0.0
DS0,0.0,0.0,0.0,31.918403163312952,0.0,0.0
DS0,0.0,0.0,0.0,81.89480253077319,0.0,0.0
DS0,0.0,0.0,0.0,8.19997240320076,0.0,0.0
DS3,0.0,0.0,14048.115446843118,313.5179643911246,288.08884318112723,587.3598299673214
DS2,0.0,0.0,8468.321271818597,220.80510557480804,136.98424812464748,486.18814015168425
DS0,0.0,0.0,0.0,114.20293433834604,0.0,0.0
DS3,0.0,0.0,11116.217337200602,286.29882016577614,73.05557745674734,383.5436520557488
DS1,0.0,0.0,787.7260522452484,67.61074614344497,5.612234325535623,22.681946527043195
DS1,0.0,0.0,341.1132621981592,68.88982910226137,1.8347956601108235,24.07589286747308
DS1,0.0,0.0,572.6813767568266,124.03669216454752,3.0374186411838986,20.121450815894242
DS3,0.0,0.0,29546.178703701386,277.59877384894656,200.86365475479553,1228.013174678261
DS0,0.0,0.0,0.0,11.981317380028443,0.0,0.0
DS0,0.0,0.0,0.0,72.76747346474902,0.0,0.0
DS3,0.0,0.0,15788.284515861962,261.0293295805975,128.47438958249924,698.4661755881173
DS1,0.0,0.0,1756.977464960173,114.95262583745972,5.864470789558493,51.385021850226536
DS0,0.0,0.0,0.0,236.0490276535807,0.0,0.0
DS0,0.0,0.0,0.0,35.4364389247983,0.0,0.0
DS0,0.0,0.0,0.0,27.432460785292513,0.0,0.0
DS1,0.0,0.0,1268.8354427917832,131.14141011545388,9.169598984500013,72.87005105561222
DS0,0.0,0.0,0.0,11.517838816584582,0.0,0.0
DS1,0.0,0.0,776.8822423107753,77.9116379286254,5.87889293555125,29.683186588987247
DS0,0.0,0.0,0.0,19.210351423231753,0.0,0.0
DS0,0.0,0.0,0.0,27.84508378748002,0.0,0.0
DS3,0.0,0.0,17555.835302551775,245.52982372612234,169.52364377378015,863.0571995682039
DS1,0.0,0.0,465.6618539360204,88.20598769618616,2.242377152175881,28.13876366539371
DS2,0.0,0.0,5883.186981632509,326.22188723711423,42.12515815510469,237.55003354055003
DS0,0.0,0.0,0.0,46.96190583658985,0.0,0.0
DS2,0.0,0.0,4321.686520564106,591.0921003670865,44.2732676761809,273.29960485170045
DS2,0.0,0.0,3236.4121833133527,233.86556660285692,38.55014867580867,186.50999194920897
DS0,0.0,0.0,0.0,39.313425843910174,0.0,0.0
DS0,0.0,0.0,0.0,25.606551349764445,0.0,0.0
DS0,0.0,0.0,0.0,14.15638270400894,0.0,0.0
DS0,0.0,0.0,0.0,70.62185827737488,0.0,0.0
DS3,0.0,0.0,15459.350831916727,241.93508575400753,704.0938917912475,629.2263364053325
DS1,0.0,0.0,546.4798367858925,73.0589181491899,4.429684049069283,26.845073022538674
DS0,0.0,0.0,0.0,19.612937639747354,0.0,0.0
DS1,0.0,0.0,220.13242434722846,66.92814041832229,2.548867388828433,15.427194227262934
DS3,0.0,0.0,10271.11555613184,456.33062410095556,311.924708849691,449.56689721514994
DS0,0.0,0.0,0.0,29.488003203085213,0.0,0.0
DS1,0.0,0.0,630.0578728483653,274.74165495171314,4.825759455694123,31.314070160181775
DS1,0.0,0.0,359.31949433229903,63.49983599409088,4.348084432292237,36.16313124632057
DS2,0.0,0.0,3809.2733827766606,254.94825818927782,44.72262434444314,173.49547086620856
DS0,0.0,0.0,0.0,82.16257630439452,0.0,0.0
DS0,0.0,0.0,0.0,32.21471059261873,0.0,0.0
DS3,0.0,0.0,23213.61830394307,443.2916398503843,717.3399180687235,932.8256389165477
DS4,0.0,1.0,34909.53575557163,563.3841306825334,1752.5822441952466,1342.5071009101086
DS1,0.0,0.0,496.56265626836773,101.56599435591285,4.485140039071476,23.383569271314364
DS2,0.0,0.0,5777.301594166421,176.17868001560637,278.6430014762597,190.42757557338277
DS0,0.0,0.0,0.0,26.818494013964667,0.0,0.0
DS2,0.0,0.0,4611.887206161225,243.3330858206209,71.61085702152843,183.6563937030026
DS1,0.0,0.0,332.456772730058,90.74373025239785,3.627210025351073,25.305456330710406
DS0,0.0,0.0,0.0,48.06051695577619,0.0,0.0
DS2,0.0,0.0,4888.952292471167,139.12041366479085,141.8917287867029,221.44257260279687
DS0,0.0,0.0,0.0,68.23788627230206,0.0,0.0
DS1,0.0,0.0,265.1599656118598,84.67369725915482,5.253345161163638,32.594467076778514
DS1,0.0,0.0,686.2471641642452,99.54164282991441,5.02557744375385,39.842826717581836
DS2,0.0,0.0,4115.194057341146,287.17586415455884,46.23603530719217,264.1820052256127
DS2,0.0,0.0,4930.759122103688,196.91170321066912,63.85081300216488,267.1461583069732
DS2,0.0,0.0,7132.434300106163,216.8320601837329,51.5301781561659,328.2659220100383
DS2,0.0,0.0,3244.212809195981,390.96516505110344,27.37676075491492,174.41050689499602
DS2,0.0,0.0,5340.20438701201,224.73302578160025,87.76804086803999,267.2092406012157
DS2,0.0,0.0,3908.0492277209846,246.45841318099178,59.5761754571231,218.82533163722903
DS4,0.0,1.0,36664.54846861743,677.6320796375595,355.47205369860114,1247.1485021603464
DS3,0.0,0.0,33523.06532099513,201.93967853528235,399.3120894264526,1020.469797494907
DS1,0.0,0.0,595.1833708214501,67.09608225061201,2.8645467526893276,28.09363724604927
DS3,0.0,0.0,26230.496867081096,257.85895744155476,89.63510810448602,862.3140612808222
DS3,0.0,0.0,10918.284971823236,284.68951693422366,82.79084902051008,472.7163855548893
DS0,0.0,0.0,0.0,311.3348786121704,0.0,0.0
DS2,0.0,0.0,1943.5357462802926,174.56546028474565,39.309264298469984,157.22149515995386
DS4,0.0,1.0,84070.73199119134,662.8200163090492,965.9820686647108,2735.7284238876427
DS4,0.0,1.0,34646.50709963236,481.6060422369024,1635.7617316269725,2122.439424382848
DS2,0.0,0.0,3430.096211472097,461.17757975176784,36.09218530297746,138.96070318764242
DS3,0.0,0.0,15527.16332863656,275.0290028598427,127.63159667894186,507.3324219031387
DS0,0.0,0.0,0.0,46.049592794063656,0.0,0.0
DS0,0.0,0.0,0.0,25.030959523562384,0.0,0.0
DS4,0.0,9.0,61266.74841928489,694.3378703971204,1433.0753275489587,1794.153371014752
DS0,0.0,0.0,0.0,359.5894581266582,0.0,0.0
DS3,0.0,0.0,23181.758927003364,343.99709606811797,142.93124097031924,1195.175730080708
DS3,0.0,0.0,14537.252389655663,396.13306223560613,258.64006166474525,849.8700200212362
DS0,0.0,0.0,0.0,66.28232808855763,0.0,0.0
DS0,0.0,0.0,0.0,74.16015627548131,0.0,0.0
DS0,0.0,0.0,0.0,59.12527341060254,0.0,0.0
DS0,0.0,0.0,0.0,98.0197553278196,0.0,0.0
DS2,0.0,0.0,3756.931656986329,238.9426198566207,46.56654820030671,107.19987711321937
DS0,0.0,0.0,0.0,25.92576301371491,0.0,0.0
DS2,0.0,0.0,1942.4840766268803,345.1679221080354,22.888483611089814,67.20930361861878
DS0,0.0,0.0,0.0,58.51951606081602,0.0,0.0
DS1,0.0,0.0,615.1578064423525,134.9532452925825,3.9912576322097375,41.39997658061036
DS0,0.0,0.0,0.0,28.85478305522413,0.0,0.0
DS2,0.0,0.0,10894.151882651811,185.5000295223362,155.94714945962556,499.1033756851136
DS2,0.0,0.0,5087.193301026019,331.2255390324597,31.256712488978913,228.0346347491001
DS0,0.0,0.0,0.0,159.55281796172665,0.0,0.0
DS4,0.0,11.0,53180.4074659666,755.2776456250264,2492.1166685481717,2243.37454683015
DS2,0.0,0.0,7310.265782355726,249.33711527633557,97.6229747246396,214.36424693002309
DS3,0.0,0.0,14263.083272317523,297.6681267872631,81.95208579252575,519.9053102003705
DS2,0.0,0.0,2613.9766067388987,218.72568108152242,27.66120657547917,150.6623925309921
DS2,0.0,0.0,5246.685847921799,237.55385886395095,56.01418078605342,264.4324445566381
DS2,0.0,0.0,5267.593593876355,199.0904631066976,63.30550819675504,181.9041431693611
DS0,0.0,0.0,0.0,41.04126574719142,0.0,0.0
DS0,0.0,0.0,0.0,77.32998303498047,0.0,0.0
DS3,0.0,0.0,29528.215360094553,423.43363341042675,533.4464953541856,1173.8622359421618
DS0,0.0,0.0,0.0,36.624857027536486,0.0,0.0
DS1,0.0,0.0,650.8563815098137,73.58192913462513,3.911776616399819,43.012211851508134
DS1,0.0,0.0,493.0381296704897,84.27328589659625,3.8412150162265406,45.73671923815808
DS2,0.0,0.0,2798.2854853521812,197.74242105062592,12.300509545439482,92.46483374362168
DS0,0.0,0.0,0.0,1251.6942308557473,0.0,0.0
DS2,0.0,0.0,3746.4389483629393,329.4713690880709,61.09370279621679,135.3182747003723
DS0,0.0,0.0,0.0,25.365766870155312,0.0,0.0
DS2,0.0,0.0,1875.8548534984625,226.9834606079168,27.149134215391236,99.9696320196433
DS0,0.0,0.0,0.0,62.48505050864208,0.0,0.0
DS3,0.0,0.0,9381.386927508327,239.28957023325088,174.4891365362105,338.43390290164774
DS0,0.0,0.0,0.0,11.662423529681792,0.0,0.0
DS3,0.0,0.0,19999.72633101086,327.4185554775471,493.12555889259016,690.4274814628677
DS1,0.0,0.0,627.1475328774461,67.51574555535133,3.283317681908776,38.83196599025784
DS2,0.0,0.0,2269.358050210373,236.25753222202874,51.63175431044689,112.9234114379608
DS1,0.0,0.0,559.9411803221446,164.956842437095,2.7709674513159577,25.101171449173314
DS3,0.0,0.0,6418.170166107177,363.02934488845796,51.60333992381547,215.22413726071073
DS0,0.0,0.0,0.0,72.89923152729055,0.0,0.0
DS1,0.0,0.0,393.6768768588154,81.28030779302998,1.9871754754450361,18.197341136431447
DS0,0.0,0.0,0.0,145.53522122609652,0.0,0.0
DS2,0.0,0.0,1902.31176860193,218.2833075717839,16.12295692373935,105.53104420970091
DS0,0.0,0.0,0.0,23.972112388867938,0.0,0.0
DS0,0.0,0.0,0.0,55.36166604424629,0.0,0.0
DS0,0.0,0.0,0.0,39.227738252059964,0.0,0.0
DS0,0.0,0.0,0.0,258.7508664577072,0.0,0.0
DS2,0.0,0.0,7835.533335637925,257.2305855592272,62.66250479027937,386.46185487388095
DS4,0.0,1.0,35295.891224688065,463.94638059483657,1354.4527648219153,1448.2855573659485
DS1,0.0,0.0,1437.1446967044265,146.94711111890047,7.05750588303205,83.60265974528849
DS0,0.0,0.0,0.0,8.34023249671301,0.0,0.0
DS0,0.0,0.0,0.0,13.502709155815367,0.0,0.0
DS3,0.0,0.0,9512.88699887375,232.16701630997986,79.60659156627639,441.12422887786727
DS0,0.0,0.0,0.0,69.59576478951907,0.0,0.0
DS2,0.0,0.0,3922.5719772724633,220.45187707192065,59.50399866791338,249.94315202324606
DS1,0.0,0.0,384.27710557242335,104.40599831884528,2.104675637144361,15.025174366294639
DS1,0.0,0.0,538.8739177828552,92.0292650590003,3.5995655115596334,30.261451926620076
DS1,0.0,0.0,2059.7217429705634,97.34447242039846,8.710941476208362,84.31507257309656
DS2,0.0,0.0,7734.078862213661,200.41364014136,36.47057584974166,273.310787705364
DS1,0.0,0.0,928.9840468929505,540.2095628658533,8.041056938780896,37.666788935011915
DS1,0.0,0.0,685.9612541072378,251.11968381744268,5.5369463589979615,63.45843256279885
DS0,0.0,0.0,0.0,19.976801625942016,0.0,0.0
DS0,0.0,0.0,0.0,27.106668738204995,0.0,0.0
DS2,0.0,0.0,4447.976062289285,183.6230796725506,29.53397285064485,216.02124178300755
DS0,0.0,0.0,0.0,56.9425415043966,0.0,0.0
DS0,0.0,0.0,0.0,61.255434513570044,0.0,0.0
DS3,0.0,0.0,24268.31817918553,276.46803726329864,396.26376405023194,1057.7399066732642
DS2,0.0,0.0,3703.9065415912223,227.9381107185801,28.272585030713667,134.8140668901931
DS4,0.0,3.0,33821.435193423385,570.8477533029857,871.184690912655,1111.1951712473935
DS2,0.0,0.0,2225.8959197850813,251.38284352943225,7.403224557598936,111.5942689886166
DS0,0.0,0.0,0.0,188.49937099547265,0.0,0.0
DS3,0.0,0.0,22248.92712827569,258.60498975656907,674.7947590257228,887.8282610665863
DS2,0.0,0.0,4508.756964967427,182.33691993821125,52.12197514618085,198.16542993116818
DS1,0.0,0.0,1359.2420059367819,103.81971437553057,10.672532647290542,93.75651072864295
DS2,0.0,0.0,15551.950489602215,303.93368586585234,112.64969310890082,539.9267536106952
DS1,0.0,0.0,308.91784854171146,260.3376940474316,1.4358478215209263,11.66263913227837
DS0,0.0,0.0,0.0,14.75728197824036,0.0,0.0
DS4,0.0,1.0,84566.4375080009,993.9933963986267,1639.0192535083115,3983.4736449983952
DS0,0.0,0.0,0.0,59.5518647046626,0.0,0.0
DS3,0.0,0.0,7203.1056013830075,413.18390489568526,102.11323884427651,318.689883463019
DS3,0.0,0.0,7018.484969217387,346.1526929215096,53.33933977343005,325.73013475121303
DS2,0.0,0.0,7091.6722166418895,180.81069304816617,53.83233540439599,239.3289072768501
DS0,0.0,0.0,0.0,95.41868170670905,0.0,0.0
DS0,0.0,0.0,0.0,108.54964610914952,0.0,0.0
DS2,0.0,0.0,6305.408020313242,314.87399736242355,84.27848519376744,307.6662223254816
DS0,0.0,0.0,0.0,21.026793274679072,0.0,0.0
DS3,0.0,0.0,43110.08316978632,277.35324450081293,458.24158699923987,1852.6081597937716
DS1,0.0,0.0,1662.3484400574296,183.1338194424268,5.934723546073802,96.18869177612302
DS0,0.0,0.0,0.0,34.73866767162494,0.0,0.0
DS2,0.0,0.0,9783.204425692564,303.9107559042885,92.23463904382331,375.1079444178904
DS2,0.0,0.0,6108.881954405489,295.20654458953453,42.48114936580114,261.83887685431245
DS0,0.0,0.0,0.0,115.55794458219941,0.0,0.0
DS0,0.0,0.0,0.0,12.08847594439788,0.0,0.0
DS3,0.0,0.0,8307.791626944772,241.76014490477658,133.61885470109507,432.9321180720784
DS1,0.0,0.0,370.6765700773677,83.32799685612214,2.3646748019779897,32.8118455760998
DS0,0.0,0.0,0.0,96.36303474625056,0.0,0.0
DS1,0.0,0.0,1067.7652535809923,80.05007788328409,4.6793512516686295,46.83580833724389
DS0,0.0,0.0,0.0,41.67025408270733,0.0,0.0
DS3,0.0,0.0,14026.648351421263,345.5014395783189,111.27931375383758,856.7179967081843
DS1,0.0,0.0,569.6404397930214,80.06333790099079,2.0810644413300365,26.182169361201076
DS1,0.0,0.0,1164.6808967922696,76.88341762629449,5.348458123897444,57.00246294359253
DS0,0.0,0.0,0.0,53.08765114528337,0.0,0.0
DS0,0.0,0.0,0.0,60.87083035517713,0.0,0.0
DS2,0.0,0.0,10165.657630767884,406.2646215436976,86.71055135546665,328.18038610172925
DS2,0.0,0.0,3654.9520447015075,467.7624581495713,41.73534994693896,225.05204140956775
DS0,0.0,0.0,0.0,42.59718290772245,0.0,0.0
DS4,0.0,1.0,81405.40909036435,641.3281989468292,841.3697659208037,3142.9120133566203
DS0,0.0,0.0,0.0,25.034636172466854,0.0,0.0
DS2,0.0,0.0,2495.7061781237176,239.2326214131026,28.243371163434254,164.24691554833146
DS4,0.0,2.0,60415.26368119368,508.9711758388528,271.04444297434355,2626.1937518616032
DS1,0.0,0.0,834.3090618913913,80.10374065089408,3.7856668067639125,30.438973170877894
DS2,0.0,0.0,1576.8075984838326,138.556109375372,21.557917059899612,107.91494434559499
DS2,0.0,0.0,2997.3850140103386,195.7102153398171,30.603070937344505,201.29160699979496
DS2,0.0,0.0,4258.856772694151,196.89895908963166,47.987675179307125,184.57530890070393
DS0,0.0,0.0,0.0,94.92044557469627,0.0,0.0
DS2,0.0,0.0,3519.418314522327,253.45468440209754,42.79258524486681,149.11358932283719
DS0,0.0,0.0,0.0,19.372634264950953,0.0,0.0
DS2,0.0,0.0,9228.65585363636,244.00365637714344,89.72065868718279,425.48013418220535
DS3,0.0,0.0,11928.227119013005,365.93660043731546,70.65898251414585,659.671551238193
DS0,0.0,0.0,0.0,19.207453389373534,0.0,0.0
DS2,0.0,0.0,11271.50996343222,224.02840031979355,62.50867746094994,463.28624064058755
DS1,0.0,0.0,440.18001874257567,147.45097422777425,2.4387397887289115,19.63001118699674
DS2,0.0,0.0,4663.757519488821,172.16503861351754,39.081788590170454,216.40563541782822
DS0,0.0,0.0,0.0,31.19871392945558,0.0,0.0
DS3,0.0,0.0,40685.530240630884,225.49794342095936,438.6933663244933,1641.3734938105274
DS0,0.0,0.0,0.0,115.25621448982886,0.0,0.0
DS3,0.0,0.0,26428.361106061104,353.34058854437603,153.58266290965068,858.8076575181003
DS0,0.0,0.0,0.0,44.82538237563828,0.0,0.0
DS2,0.0,0.0,7101.167857230486,204.75786917421337,180.9023914013538,352.1683076054707
DS3,0.0,0.0,12349.04528481018,395.49820992407695,276.32179512906237,411.00872826632155
DS0,0.0,0.0,0.0,52.76566105810751,0.0,0.0
DS0,0.0,0.0,0.0,139.43516496932386,0.0,0.0
DS0,0.0,0.0,0.0,48.251168375448344,0.0,0.0
DS1,0.0,0.0,326.76918770036684,74.02471272174891,2.2343511125061797,26.834399919616082
DS0,0.0,0.0,0.0,63.46699830735398,0.0,0.0
DS0,0.0,0.0,0.0,11.803315314328625,0.0,0.0
DS0,0.0,0.0,0.0,162.3815939340348,0.0,0.0
DS0,0.0,0.0,0.0,111.5484447535258,0.0,0.0
DS2,0.0,0.0,5471.387277141554,222.53004990765675,23.256610562566024,215.725954411519
DS2,0.0,0.0,3916.6901921317203,180.7386698938449,41.88213032812699,180.97111214789155
DS0,0.0,0.0,0.0,74.4306193252541,0.0,0.0
DS4,0.0,12.0,52579.23378466682,552.1968156191122,607.3857503228958,2871.3587517232063
DS2,0.0,0.0,5126.096367190434,188.59530649439864,57.57150700734105,261.2054867309924
DS0,0.0,0.0,0.0,11.448780273560171,0.0,0.0
DS0,0.0,0.0,0.0,121.3108522812078,0.0,0.0
DS1,0.0,0.0,792.1171598898841,107.35463143942691,6.1107938744060135,38.65194933315455
DS0,0.0,0.0,0.0,112.63937560087977,0.0,0.0
DS2,0.0,0.0,3796.984919640875,208.67773823100302,73.48017040371391,130.68069062767913
DS2,0.0,0.0,791.5251812166821,171.03139800728803,50.737695916608246,38.98728240766549
DS2,0.0,0.0,4650.018802235501,161.19648395003972,113.83350882453185,182.4605610730308
DS2,0.0,0.0,2414.0009970525743,240.36337065267014,29.81196358955669,111.99956150428667
DS2,0.0,0.0,3055.689666410901,215.48962836159603,31.313831948575213,107.06958843041912
DS0,0.0,0.0,0.0,157.85632685162813,0.0,0.0
DS0,0.0,0.0,0.0,17.5144980641059,0.0,0.0
DS0,0.0,0.0,0.0,216.46710392517585,0.0,0.0
DS2,0.0,0.0,1869.6751028602348,188.51008249447528,36.81573812318745,77.58924924286572
DS2,0.0,0.0,4586.409120400936,259.8299170037161,33.49783453464044,138.49661030291026
DS2,0.0,0.0,891.0046814837663,182.10974275380755,29.36006919264879,46.33133056822527
DS0,0.0,0.0,0.0,58.98538410835776,0.0,0.0
DS3,0.0,0.0,15269.845433925819,189.03539350763606,376.4948533564192,639.7864156504053
DS2,0.0,0.0,3660.400358064706,518.0447837813787,120.5671346517183,172.91701636491516
DS1,0.0,0.0,330.092324938889,53.75483366478934,1.7587108632587476,14.332205823346433
DS1,0.0,0.0,54.062879844674825,134.38202635107044,0.6038082959823249,3.0456807425801555
DS0,0.0,0.0,0.0,33.22623851309849,0.0,0.0
DS0,0.0,0.0,0.0,16.05201303455956,0.0,0.0
DS2,0.0,0.0,1033.4299063094354,148.88670580531294,7.807084141750853,33.674654510446395
DS2,0.0,0.0,2489.5330274858143,392.7580378130341,53.06806646648262,123.916462137186
DS4,0.0,0.0,8052.897107966202,656.9035694384165,416.0856827995601,323.8953896894956
DS4,0.0,1.0,35077.37996425676,1123.5246223574736,585.2337461812706,959.2764583663047
DS1,0.0,0.0,326.366117144732,114.06060979018454,2.072698477137959,11.200933075612445
DS3,0.0,0.0,5505.221159964225,262.22786655584025,209.36304851324496,190.90794289634837
DS3,0.0,0.0,10555.769537097796,488.06823828040115,317.6551928619158,356.0655015981466
DS2,0.0,0.0,2037.1344298106342,145.25446927497882,79.65350415734827,90.29840748715715
DS0,0.0,0.0,0.0,82.5840966520201,0.0,0.0
DS3,0.0,0.0,2710.913107027535,302.1920480747219,77.12646498329167,100.92005510401086
DS2,0.0,0.0,1715.8650510843336,324.3323822514427,39.774378149115634,81.9712109974421
DS2,0.0,0.0,1451.574275844396,218.76710772389808,22.693278071441547,44.042032742308294
DS2,0.0,0.0,558.47309372989,196.42505483130287,31.66941627983955,37.83777580565691
DS1,0.0,0.0,46.93623759101321,392.50909814835506,0.5807189678159531,3.170593656401371
DS1,0.0,0.0,398.01429139262285,161.79368376393145,5.099982647426642,14.853295337257178
DS1,0.0,0.0,315.58153772705424,138.19121259743923,1.85350544781967,16.478724766893574
DS2,0.0,0.0,2083.3071037903132,193.6937860478672,23.56012176591072,88.81225148523666
DS1,0.0,0.0,133.81136248498004,68.22568291389109,1.2988589704222548,8.574550731624461
DS2,0.0,0.0,1407.1093333613699,275.20892732862217,13.581185385680772,37.31492210311248
DS3,0.0,0.0,6475.390805932022,467.83297429080136,140.32199622125322,360.72377023006646
DS1,0.0,0.0,190.7449819985741,167.1084224767348,1.8081952195685802,10.648184342690115
DS3,0.0,0.0,16283.071467933401,249.177592290137,290.2819016429762,793.5519063102869
DS2,0.0,0.0,11221.435967382025,232.03154304995547,80.70328233160221,418.59111777449215
DS2,0.0,0.0,9360.75736089103,202.23429010443755,180.16638930839446,324.09229045570277
DS1,0.0,0.0,701.8150219779211,138.26248578147826,3.6131684783869185,58.77079556398989
DS0,0.0,0.0,0.0,28.19838524817636,0.0,0.0
DS2,0.0,0.0,4637.469125160358,178.7791340087341,19.114667543337063,149.18666885340565
DS1,0.0,0.0,651.9095156196514,195.1089439490774,4.7545743704073855,42.07578094664553
DS1,0.0,0.0,348.13107580807304,116.18940377429718,2.5611745400079884,29.620642568445817
DS0,0.0,0.0,0.0,20.574018805292546,0.0,0.0
DS0,0.0,0.0,0.0,22.14633957976552,0.0,0.0
DS2,0.0,0.0,6408.824140934923,245.63939957291385,87.02072101774637,360.9374230864669
DS1,0.0,0.0,290.46611277985704,121.6388166232806,1.9167735505476975,26.616349361181946
DS3,0.0,0.0,27635.0803055472,321.6189662968787,259.50317370475744,1182.4949008485887
DS2,0.0,0.0,3175.075853277126,174.00009404403744,47.98766885338269,152.71293663026233
DS1,0.0,0.0,1033.1778305694825,73.0405659602296,7.8523406112315435,46.24938203193378
DS2,0.0,0.0,6223.316583492403,238.93851274834907,69.80484897575269,177.6002006184195
DS2,0.0,0.0,6241.43943512666,247.27114238267148,61.50103261716912,364.514642778141
DS1,0.0,0.0,364.22783989325876,82.00028652564588,1.5628108077291283,16.02975673123552
DS1,0.0,0.0,389.74928809064875,153.37473084070442,3.8098869415415613,27.688275311624245
DS0,0.0,0.0,0.0,153.99316448402323,0.0,0.0
DS2,0.0,0.0,5236.801588310909,162.74593101841452,96.8558024644425,194.42212237885514
DS4,0.0,7.0,68700.63179821761,793.106893564368,1168.6920582807027,3107.692970216018
DS0,0.0,0.0,0.0,30.556660659707816,0.0,0.0
DS1,0.0,0.0,1412.680179094569,84.8235341261059,8.731644365546625,92.83624525885207
DS1,0.0,0.0,1233.774564580584,80.39769008511547,4.872388139470741,56.66783009502775
DS1,0.0,0.0,1173.086985392346,262.5366836673313,5.521891081919042,64.60174068259772
DS1,0.0,0.0,264.95248861577113,63.558947908862244,2.486319525104911,21.841947422602
DS4,0.0,0.0,22782.51992726572,499.3847373202302,245.25441475621363,882.2768696535255
DS1,0.0,0.0,1380.2201847688834,60.3167586252961,5.232640050595563,36.70779222566881
DS2,0.0,0.0,12446.260983649521,180.7901661186359,113.63643784042003,390.40771740788347
DS1,0.0,0.0,1112.3206228178576,65.5007673218499,6.346724409586232,77.88090116231601
DS0,0.0,0.0,0.0,535.7619924156384,0.0,0.0
DS0,0.0,0.0,0.0,114.13818764462911,0.0,0.0
DS0,0.0,0.0,0.0,19.85911187802161,0.0,0.0
DS4,0.0,1.0,44977.53615285909,495.0364346394697,2264.135547717281,1443.658941075942
DS1,0.0,0.0,2196.8261790392166,75.60038525177656,8.108779419128943,59.76219165937511
DS1,0.0,0.0,719.8750711224976,58.16543548429207,6.4157953212929435,34.173590522869674
DS1,0.0,0.0,618.8617298080172,151.8811723220927,2.5364067910904353,20.24453267310563
DS2,0.0,0.0,4718.561622310866,179.51940929733993,93.59382581960595,255.21229179602585
DS2,0.0,0.0,3785.7996995159956,284.2529956410282,32.55995904962294,122.1751801087653
DS2,0.0,0.0,7244.169616240707,215.89656595790666,104.0985068103552,345.67448334390383
DS1,0.0,0.0,850.7365540488735,99.73407705263212,7.2022625496750425,43.87037784796641
DS3,0.0,0.0,19549.584864072247,394.9802886245175,341.5136806179264,1237.6516048277167
DS2,0.0,0.0,6897.708476059096,237.92125942974042,48.86705032435398,387.9916540013134
DS1,0.0,0.0,213.29531829468235,80.33190209729324,1.786821527059732,13.504295081575705
DS1,0.0,0.0,120.57223494288792,89.80060293723706,1.6329013381368074,14.136133328016815
DS2,0.0,0.0,6349.525140288433,170.69727046897975,35.32094528934435,198.1702026789881
DS2,0.0,0.0,2709.785883325708,275.7525887593772,22.083347987847773,159.20455598664174
DS0,0.0,0.0,0.0,10.812136359553396,0.0,0.0
DS3,0.0,0.0,8892.87915238364,394.7424199835908,118.3107472106623,526.05374704778
DS3,0.0,0.0,12232.326562569619,303.6038906971064,191.81557998673117,564.1986668050462
DS2,0.0,0.0,6553.906248202554,234.71460084958085,103.71377410967446,279.63754241287097
DS3,0.0,0.0,20554.483351687963,295.0655368830167,369.1887947229876,826.1976969105326
DS1,0.0,0.0,341.9840263024624,56.556834583565184,2.746256152361164,17.83078879360083
DS4,0.0,14.0,78211.45158159683,498.5273975746153,391.70267750060066,1949.1653727277285
DS3,0.0,0.0,32850.61064280326,321.6800114103148,362.3843343199365,1195.2846610670272
DS1,0.0,0.0,638.5970620362773,169.72785638005425,3.025359969098643,23.133358542998685
DS1,0.0,0.0,461.9053226480382,87.23438653378821,2.141972509599485,25.456056177892208
DS1,0.0,0.0,2710.742534608306,79.83533681627233,11.406546941781967,77.19143107817918
DS2,0.0,0.0,3399.6663113573927,188.9256000833863,47.51313913263387,175.67966792461624
DS0,0.0,0.0,0.0,19.939956171562372,0.0,0.0
DS0,0.0,0.0,0.0,11.79650261243728,0.0,0.0
DS2,0.0,0.0,15195.99811018111,347.38386115689315,192.79034916092138,565.498413280876
DS1,0.0,0.0,1368.574536881761,109.72211093615519,9.243931298928622,53.16486362375603
DS3,0.0,0.0,18200.79725990731,326.4828920679699,309.1533388582187,992.5757033504995
DS0,0.0,0.0,0.0,32.882568334308154,0.0,0.0
DS1,0.0,0.0,857.108711384359,107.70583216068347,2.7710762728890854,35.44904348289616
DS0,0.0,0.0,0.0,155.07985333799667,0.0,0.0
DS0,0.0,0.0,0.0,123.92866405917616,0.0,0.0
DS0,0.0,0.0,0.0,84.32700990198828,0.0,0.0
DS1,0.0,0.0,979.8231532170821,331.4167788391804,9.6367936119532,91.78354009283456
DS1,0.0,0.0,579.7554605745979,182.31803404914916,4.8144475783631675,42.31828464472457
DS3,0.0,0.0,32614.678104080915,241.8300390636588,144.88946018619237,940.3239497532528
DS1,0.0,0.0,1876.1449523048655,136.7417175701673,6.9419592886046875,63.85301537625599
DS0,0.0,0.0,0.0,135.48383387758878,0.0,0.0
DS0,0.0,0.0,0.0,20.47540030183876,0.0,0.0
DS4,0.0,14.0,70122.18653322797,404.93178929460504,854.5831649241375,2548.300471499933
DS2,0.0,0.0,9305.23511975005,236.70748267611768,49.37524809930737,458.5215919005457
DS2,0.0,0.0,7355.345437758163,216.06796748260308,55.85839575148541,339.2956688767865
DS4,0.0,1.0,19193.554371257836,776.1609200327906,830.995025575267,664.9849445248487
DS1,0.0,0.0,783.5253340781627,300.4460894728694,5.914671422305323,53.4906122022887
DS2,0.0,0.0,3391.916735459144,155.11550076964738,32.44516936092873,182.6263976755987
DS0,0.0,0.0,0.0,70.29658759181855,0.0,0.0
DS0,0.0,0.0,0.0,61.98497451643363,0.0,0.0
DS2,0.0,0.0,6671.974283562526,285.1189808605191,167.4600287159917,360.3243842346651
DS0,0.0,0.0,0.0,22.629280481517643,0.0,0.0
DS0,0.0,0.0,0.0,33.0857576963945,0.0,0.0
DS3,0.0,0.0,21342.133836950736,309.49125487691157,390.037862358849,1143.3203548467397
DS3,0.0,0.0,16618.77806601699,442.9474495547697,181.0045638035895,560.64027866165
DS0,0.0,0.0,0.0,26.16479509515917,0.0,0.0
DS1,0.0,0.0,781.2832357283742,175.7030511515157,3.6058004197848295,22.45141472163624
DS2,0.0,0.0,8599.233183794877,428.2308893036161,109.97762602100232,596.3043808466232
DS2,0.0,0.0,7603.59822258571,165.47220685910014,136.88687197241157,569.7074036566503
DS1,0.0,0.0,1718.7788266827736,161.57919604798025,8.292354990820755,70.5383511010179
DS3,0.0,0.0,8790.49308590981,240.10070969584729,121.47338397030705,433.90233773996147
DS2,0.0,0.0,3508.1175148742323,231.73485587095854,84.45660007044448,145.65436733977734
