DS2,0.0,0.0,7186.908590683431,239.86777336139147,119.34668933710313,312.50629362829494
DS4,0.0,1.0,54039.75769045857,1089.900977320279,3158.8792911118358,2589.566816567114
DS2,0.0,0.0,10149.770415342024,404.87880558463314,27.763677767093984,367.7164354569536
DS2,0.0,0.0,5648.22349055642,298.4110166704588,48.554419187925554,165.01417208763507
DS4,0.0,1.0,46813.38331835048,533.3032185248165,993.6431113495455,1606.8767544236196
DS2,0.0,0.0,2739.726276982247,488.70543069114785,148.85463662489147,119.79973468096458
DS3,0.0,0.0,26439.235119049627,267.8915393601417,1521.2455034316208,766.9964475584327
DS4,0.0,1.0,67351.15387095026,783.7756566381668,3326.4962166945033,1805.5980595926967
DS4,0.0,1.0,43319.65187088196,864.0335190368043,740.1686382006909,2086.1124665827983
DS4,0.0,1.0,43601.09281120724,633.6139539575711,1703.3720143771388,1407.1769339756122
DS2,0.0,0.0,4803.448353334593,209.10996312047706,123.85642165819095,175.03369159166755
DS3,0.0,0.0,16229.137307650322,336.0714039234934,168.62473388134393,630.8600713591647
DS2,0.0,0.0,4900.91896435152,162.3835056947855,41.12922991720501,208.07358099215418
DS4,0.0,1.0,47011.958169668724,530.2392951216759,3070.1363627992023,2071.298207029567
DS3,0.0,0.0,12385.801190297265,379.9825535206205,698.4999446526311,653.8928717111132
DS2,0.0,0.0,5024.512447606689,243.39237619302605,197.92794993895006,223.36147352946566
DS3,0.0,0.0,18805.737894765825,287.5612031271413,100.97607740059969,851.6403769482259
DS3,0.0,0.0,22525.490137862304,502.35921227676056,833.2511544871919,978.6798832369052
DS4,0.0,2.0,86557.82468218736,585.4639293666916,698.6911621604605,4601.3529904406
DS4,0.0,2.0,42192.916437284955,750.6872469781167,1166.2431312508334,1624.2670916535674
DS2,0.0,0.0,8205.553981110344,234.03248293466584,429.8367752842481,231.86875284102086
DS4,0.0,1.0,77958.52601870983,641.5287024498648,1108.11325728533,3625.028654299341
DS2,0.0,0.0,5041.185212771779,247.22784448516197,29.266000983279373,194.51723990909218
DS3,0.0,0.0,19740.38180863047,301.8709166936226,591.4031139239407,760.1832190210691
DS4,0.0,1.0,65367.52110904097,865.8816306754643,1280.7052820779543,2411.642933665062
DS4,0.0,2.0,66220.5734961353,690.5702930428567,424.4015422449316,1841.5559032882693
DS2,0.0,0.0,2334.8417092287796,289.70903588770216,26.695404701103286,101.7106652467956
DS4,0.0,1.0,36113.85011789406,529.2868697029173,188.8213542595555,1375.413972752766
DS4,0.0,1.0,19453.406787705746,570.960034379411,146.18453876772557,889.4543973419113
DS4,0.0,4.0,20847.200463073947,781.3467124324527,151.75224187808598,884.5569907563021
DS2,0.0,0.0,11838.455722881283,225.6023796889309,93.44031227968455,451.5544532325096
DS4,0.0,1.0,57348.01364547446,456.8529792321368,1265.9025674842358,2389.6660386502626
DS2,0.0,0.0,8683.148240342038,228.25496516581774,137.39003128637418,442.9942929091914
DS3,0.0,0.0,11413.41260519087,253.3938511429705,154.65520175198802,709.9041550516916
DS4,0.0,6.0,48027.36102895251,699.8376990035487,846.2388506003072,2179.7027457799313
DS4,0.0,1.0,75997.14518553001,509.9800838425032,424.3337367859663,3090.8580369358615
DS3,0.0,0.0,21839.36239137833,232.00880626858674,571.1944448568314,947.4579840950905
DS2,0.0,0.0,3751.6523623549733,263.1258096858164,39.887384410717154,135.80743322757408
DS4,0.0,1.0,34536.55820408477,663.1806037755161,239.04497607866,1115.794581697258
DS4,0.0,1.0,58260.64105721557,563.4799854083043,956.1396160265969,2522.7241237281246
DS2,0.0,0.0,2231.274037445568,178.81394384243092,37.830334301986284,126.72489403706541
DS4,0.0,0.0,21189.593035958682,724.4781072875344,630.0724279289612,825.8679813607255
DS4,0.0,1.0,41745.40994792282,648.907035020244,711.6351906658591,1689.4684591015637
DS3,0.0,0.0,7690.633898275786,413.81837236509233,62.953341794645816,382.61122669392523
DS4,0.0,1.0,63391.48430963631,621.6703713053903,761.1884298536668,2334.3167847013
DS4,0.0,1.0,58449.446513873176,452.70131359307004,524.7327244980432,2518.8212683889865
DS4,0.0,2.0,78329.34633308495,799.3780709284576,911.134380723276,3751.9511155149007
DS3,0.0,0.0,23337.631432026286,445.1124781463334,588.8448587869814,1411.3552001025892
DS3,0.0,0.0,7789.303765243379,160.91334696099005,83.54272284139145,430.58413462311205
DS2,0.0,0.0,9318.445770648403,199.86687078198693,89.02949165727372,476.88747370441257
DS3,0.0,0.0,20753.33198410396,289.9054960897782,98.27268704491904,677.3144474030682
DS4,0.0,1.0,58544.284031124276,406.4294184860239,1586.761132500389,2895.485481043492
DS3,0.0,0.0,10171.93809740257,430.329715200148,139.9729068949439,435.5271649273295
DS3,0.0,0.0,11939.332659001197,394.4095648193691,147.92308755491985,550.6454665137729
DS1,0.0,0.0,1052.9249358562138,145.96377748475655,8.879979755679878,67.59706096814281
DS4,0.0,0.0,26005.162976674776,634.8883427531371,1092.8907550292454,1438.9996525505032
DS4,0.0,1.0,45032.6060856839,461.77943256520655,1246.830877789447,1114.9787366225023
DS3,0.0,0.0,9321.10948773988,336.2695642441083,160.69931971457765,508.8373519644542
DS3,0.0,0.0,17726.95482481821,253.25333153262366,137.38390091649768,821.3252400622853
DS1,0.0,0.0,424.17853647933504,55.7187257187506,2.1850818921963566,26.609693977016093
DS3,0.0,0.0,36319.290892724355,298.5175246482693,138.47476243181194,1232.129335698041
DS4,0.0,2.0,118645.69795824666,555.025624781716,1499.4130368322392,3903.451483868368
DS2,0.0,0.0,2507.86870545629,476.2869479749257,51.08531130439367,129.1967270934689
DS4,0.0,2.0,67060.06517074932,588.4756439640045,982.1875460243956,2714.869674747172
DS4,0.0,8.0,27373.33114998175,793.8145744433456,211.95394997265612,1523.9839494195069
DS4,0.0,1.0,88734.52623281887,531.8991392814252,1013.9566257679762,3385.7153188871507
DS3,0.0,0.0,10080.462368513578,364.6469339921922,167.57663519801878,390.57144184979205
DS3,0.0,0.0,34568.23198377664,234.986195072473,489.7747604431531,1606.4728220699171
DS4,0.0,1.0,63648.27237373116,885.5754978713687,938.0428601864046,2882.204428318987
DS4,0.0,1.0,71856.8465134591,586.8975237754894,640.2015438668232,2573.217813242183
DS3,0.0,0.0,11732.909193285515,324.84723455113436,399.19544500818114,652.9507390537235
DS4,0.0,1.0,58308.47061235777,1106.1991451780814,607.6651808740236,2102.31392098053
DS2,0.0,0.0,5628.115266910303,207.41343529757734,57.65645209888141,502.0953776682179
DS1,0.0,0.0,335.2305074818086,121.61789803733907,1.717312995044253,11.99786644324585
DS3,0.0,0.0,19087.684256178298,255.36301051656557,179.56081011049338,711.9332570654793
DS4,0.0,2.0,51093.65412395731,442.0031636413081,718.2527044732108,2789.2335086885946
DS2,0.0,0.0,2655.5647334911737,198.2198032396475,59.504445836847026,160.1030372220802
DS4,0.0,0.0,24113.99326303612,409.84119422432104,256.39978518222455,809.8393995874657
DS3,0.0,0.0,15447.684196431343,252.59480374491207,141.20276824478825,559.4382004743604
DS4,0.0,0.0,25414.518341215764,747.6485195255093,274.4598283236656,1072.0981292041477
DS3,0.0,0.0,10409.783352040162,220.33930109628955,178.42601362141335,416.1688166253619
DS4,0.0,1.0,40747.39336991341,736.0999019232709,452.66362558308583,1079.2317396382955
DS3,0.0,0.0,11543.677349100379,226.91798153199164,55.33406548308467,596.3304833434847
DS3,0.0,0.0,7666.29567196566,474.4495793478126,54.838413334704,344.0059777566642
DS4,0.0,2.0,40585.561641996675,521.0548748506196,2480.8790889648376,2057.5122268740424
DS4,0.0,1.0,65930.0519554393,782.4160230981231,971.4531644369808,3111.9656629797364
DS4,0.0,0.0,38729.89452454155,591.5143897237655,508.58936646419124,1589.1179438903025
DS2,0.0,0.0,1728.6315265920807,311.47775295810214,15.279672855840907,78.16520161900397
DS2,0.0,0.0,9365.166302477408,173.09331032333506,116.6218352728006,583.2839693883109
DS2,0.0,0.0,1936.6574947126608,220.3586485642454,18.244095250819754,135.69578644509917
DS2,0.0,0.0,6711.109953942392,231.70144176383184,33.74219460757752,322.1514173969188
DS4,0.0,2.0,73448.57414556149,824.768456127375,727.7792770950672,2107.7082248281376
DS4,0.0,1.0,21863.91112218135,500.3197978725151,254.21360046315692,983.5785371560793
DS4,0.0,1.0,45122.660764592954,547.7871992048003,1265.5231013051932,1420.7657570218187
DS2,0.0,0.0,5224.350810531331,185.57011796534132,30.08730970245962,236.02207343678305
DS3,0.0,0.0,27863.738490929754,274.49149161943006,383.6136170754727,933.0105066314552
DS1,0.0,0.0,2568.939137135285,186.42703306828116,8.612189668588377,102.49332955472697
DS3,0.0,0.0,28015.241966849993,287.66727875833817,118.23238934145122,1050.71529315241
DS4,0.0,1.0,28606.652923053924,604.5003633864525,770.5903859552596,1722.500694898148
DS4,0.0,0.0,24653.98740673044,697.8012447290755,846.4218925860953,840.782209407868
DS4,0.0,7.0,53582.8784106783,573.3688079543899,861.6500983855329,2454.6852436867907
DS3,0.0,0.0,8500.639555013775,639.3732593077862,134.27451645598003,270.5187428283018
DS4,0.0,14.0,59986.30639052775,506.851327571066,602.5707632475256,2795.6365305570284
DS4,0.0,1.0,20972.748554618498,535.6071670395477,365.8913990004072,634.3625908520467
DS2,0.0,0.0,2663.1751357610456,148.3117419950016,31.275161628357555,104.06631399767083
DS2,0.0,0.0,4923.869652046988,207.43924905262494,107.60628243807714,306.4680549054391
DS2,0.0,0.0,3247.0165328146068,355.1706314804532,9.823692665971574,102.05888398767163
DS4,0.0,1.0,59291.182654193515,620.2300831208453,1694.5590432500937,2306.860554401017
DS4,0.0,1.0,31213.317873428176,494.5076771857448,235.17465477630725,888.2757064241098
DS1,0.0,0.0,320.35234567373743,191.31534627074936,2.5233760662208113,24.519497076040444
DS4,0.0,4.0,25987.238548690126,527.8780538762986,1042.9073158376057,1540.5113312774083
DS4,0.0,1.0,70177.5827268086,490.5929337108347,965.213294925152,4978.93065213191
DS4,0.0,7.0,127813.66629150185,580.1144287126092,1129.724442692825,4251.281975751941
DS4,0.0,0.0,20804.115915263035,678.7996604071134,131.3766958303862,908.2820302072092
DS3,0.0,0.0,28974.45267538956,415.6628221960964,133.64761620277469,953.4866821280461
DS2,0.0,0.0,2560.1298234326273,209.5023114230317,36.76149465530669,181.24295618067728
DS4,0.0,2.0,91290.69875367025,322.56281575972434,1390.4441849799682,3778.529012548878
DS3,0.0,0.0,16430.97246202332,281.43825834374525,133.61579098839252,576.454534372077
DS4,0.0,1.0,54247.12073233767,434.64390941047907,1163.7146792704243,2005.1926261644599
DS4,0.0,1.0,61912.451351630734,1017.8843892479002,925.1471107612576,2120.826294573549
DS4,0.0,1.0,79091.73673048403,834.4875770977756,1351.7556147361188,2999.8813657024834
DS2,0.0,0.0,7393.75921798628,246.37441405556746,56.69257154586887,272.60388328150594
DS2,0.0,0.0,6567.9662645919725,379.5880783023963,35.502202329533056,323.2901197169457
DS4,0.0,0.0,31429.053209677717,791.3298898354138,758.2990023194382,1264.6626849076833
DS4,0.0,1.0,29509.42818144685,714.5390222680871,219.93134309090448,831.5704430506732
DS4,0.0,1.0,94800.6316297937,855.3057448661565,1368.0452938238302,2713.82020943516
DS4,0.0,0.0,21594.54405981559,667.7578795392328,129.4543434532057,944.8473032562608
DS0,0.0,0.0,0.0,223.36986337647207,0.0,0.0
DS2,0.0,0.0,5527.148029652942,156.760673394523,43.768368936627795,297.58242432145573
DS1,0.0,0.0,1136.5460385682636,89.7754174825846,4.086518987582394,34.498851966926686
DS4,0.0,1.0,56784.87546438211,641.3786247572425,1009.6565714618956,1937.8689564171552
DS2,0.0,0.0,4269.137005452627,343.9222824968696,84.94291906615867,236.77719902413094
DS4,0.0,1.0,81752.25029710191,629.1686582710558,445.53051025832735,4344.924113135316
DS2,0.0,0.0,6921.460982312431,212.37926428286454,98.52231873515359,493.99123393861845
DS2,0.0,0.0,1637.3315941877602,253.04091635355863,33.20633781701544,88.1836962477174
DS4,0.0,2.0,54158.5493099243,878.2195939601252,838.1651763112226,2137.3170203766776
DS4,0.0,2.0,68323.36291645627,896.5531657417886,1236.3898619007373,2666.5960692065682
DS4,0.0,1.0,25957.29027534514,647.7409374450264,198.74865962830876,932.5819893371208
DS3,0.0,0.0,14411.868284810553,639.6785958389854,388.4783548011239,964.6227517530975
DS3,0.0,0.0,14551.958930990215,414.0178413682278,163.19815064894664,425.64328705863596
DS3,0.0,0.0,17957.739653919045,239.96255525897772,270.7089611042351,806.4506868259115
DS4,0.0,1.0,33624.49511507647,588.8660104821333,203.04780274800459,1470.8688425753066
DS3,0.0,0.0,13535.241596861511,195.06489449140244,436.9453422320695,838.7176258050144
DS4,0.0,1.0,15616.268022252483,681.2455775583865,762.2221807572886,822.899510870083
DS3,0.0,0.0,11974.462818744725,302.38183443853995,135.77565301879645,520.788963024334
DS4,0.0,1.0,60900.95521498738,603.7741799400849,695.4953977287031,2141.381512830833
DS3,0.0,0.0,17032.645033850902,197.0119415846495,245.95918886953345,509.271178238592
DS1,0.0,0.0,1089.6255003120204,153.68146271436564,7.363146676763789,37.01336355705445
DS4,0.0,1.0,60752.82729592167,703.1660380147262,3328.964001959625,2132.9849215840695
DS4,0.0,2.0,71877.96457758053,569.500158261846,2662.557120126416,1572.3066479035099
DS3,0.0,0.0,22404.089073983494,411.15551763317984,577.2586753152201,785.9880976174097
DS2,0.0,0.0,3130.9718365580575,326.6985751364897,110.01453548184233,130.0039103464183
DS2,0.0,0.0,3919.911917698544,271.293723073195,72.10218314406096,138.5356805735762
DS2,0.0,0.0,4451.314003208863,212.43832133202844,137.55054110281856,195.30143049576623
DS3,0.0,0.0,38702.59827571304,343.5261791825283,543.5553064698993,1410.9401847681938
DS4,0.0,27.0,64343.66070530103,502.6013954857382,2117.18719808604,1842.8684399231008
DS4,0.0,1.0,42873.04718332961,484.41392446496457,1638.2003289337872,1615.903193363966
DS3,0.0,0.0,15280.008167111006,235.86220534081923,151.07590582226464,373.2164795026529
DS2,0.0,0.0,4038.7031682833954,222.55316703780198,143.06716503369435,187.2112587711355
DS3,0.0,0.0,16572.0704915994,403.7810080653551,1620.19095272912,622.1024830114952
DS2,0.0,0.0,2607.190248791415,248.84694909457016,88.98430234296647,103.53928000029597
DS2,0.0,0.0,2876.559202285233,553.3947808082971,133.2049087273868,147.61736942755428
DS4,0.0,1.0,51093.6100909567,705.7690820297555,525.0494171113014,2349.387068052075
DS3,0.0,0.0,21245.040113724564,279.1143182116713,455.9701019868652,813.0621080097213
DS3,0.0,0.0,28798.62556742604,293.01554948806626,154.4629998356796,906.6591840374382
DS4,0.0,1.0,67298.34320556215,684.9654566620164,221.97115109187024,1956.2494554668178
DS3,0.0,0.0,18898.786396715514,364.3071557089344,188.07162478238544,903.5260803313407
DS2,0.0,0.0,7673.071601663728,206.69186556296125,126.65191854390463,307.234043143422
DS1,0.0,0.0,274.9568774998671,91.41753669834952,3.4393863248277694,11.741780545166884
DS4,0.0,1.0,59676.950912752574,777.8931619997601,2796.4594516537977,2600.9760950844043
DS4,0.0,2.0,49263.25097953396,779.6013721959853,1378.624980862105,2063.9793985927035
DS4,0.0,1.0,70975.43972668747,630.5561985791044,689.6312762533927,2137.9740704212454
DS3,0.0,0.0,26195.588185418565,400.4815073414684,284.0525760957141,622.0521927558073
DS4,0.0,1.0,80562.59933178005,749.0264425459633,233.96375208670338,2850.2133832320983
DS4,0.0,3.0,23989.54964366978,666.191606773096,316.4614305917112,763.0381438337058
DS4,0.0,1.0,39731.26278218067,436.8584526767188,1121.0721375257021,1701.424679620876
DS4,0.0,1.0,54646.5983921937,436.9929295668618,624.9752331566826,1567.3091905231963
DS3,0.0,0.0,7743.560275932317,250.27019739483987,87.9924244154332,274.4507962536034
DS4,0.0,1.0,70057.26028564053,549.511217593206,711.8929295145595,2369.5270874155794
DS1,0.0,0.0,300.17950856598156,93.61595926055892,1.773960642371719,21.16115236925578
DS3,0.0,0.0,25397.727937747582,350.63684684828706,388.6866294979719,960.390666833058
DS2,0.0,0.0,1705.2620069091688,286.60022635227455,17.36172441201402,88.93574859830564
DS4,0.0,0.0,19226.059025184542,672.6139043012971,855.3099587187284,736.7269337020163
DS4,0.0,0.0,13465.28240633813,526.7865856364426,168.05858023692167,756.7189072267533
DS3,0.0,0.0,24227.5862478512,341.24334503537364,352.6193592214009,815.0249974037226
DS4,0.0,1.0,37527.34133384962,784.0814438900932,1214.112953808448,1307.0196347973088
DS4,0.0,3.0,31954.6073547683,536.7135104015671,390.72925105774004,954.411072162509
DS4,0.0,0.0,25776.28927566112,584.586894612452,381.3142172234514,943.6030079259564
DS3,0.0,0.0,21733.719209113075,318.22262330383523,109.03549762707561,1016.5505398049139
DS4,0.0,1.0,66387.28138921334,769.9078875610072,1125.5992265534016,3357.8999186053197
DS3,0.0,0.0,25018.81731304827,454.5951891767205,659.4085855557684,970.464618827582
DS4,0.0,0.0,21874.107095446197,763.2592120850964,637.8652969308804,905.5663178727223
DS3,0.0,0.0,39606.11434665055,449.95101657488647,647.3715253044574,1777.9539821539124
DS4,0.0,1.0,53765.80034971526,637.8363181021351,360.55244444441615,2249.4555528712394
DS2,0.0,0.0,2331.226102515584,221.49255003324558,29.687346809096425,135.4973993836568
DS4,0.0,1.0,97458.24844025572,576.9757062565556,486.1443210728129,3662.524753548777
DS4,0.0,0.0,33019.65602721104,733.3599853884629,289.6752252457252,887.7884355389658
DS4,0.0,2.0,102745.72521924463,478.7534966536243,1320.3107280478412,5072.618641399765
DS3,0.0,0.0,5885.903642081649,260.73841737016687,46.76636832340125,441.9912442472425
DS3,0.0,0.0,22299.832847959617,445.4979765923208,172.51081866739457,1167.1257728954386
DS4,0.0,0.0,26211.164397636247,559.6129852738453,516.7812969814202,1261.8624370127266
DS4,0.0,1.0,34773.94601147645,582.1629761048108,150.94047419836812,1031.0517047815829
DS2,0.0,0.0,8092.25719777072,239.47833065978983,55.50081752009541,302.93329846074096
DS1,0.0,0.0,2045.6600835783588,92.32411281685111,5.014042391307589,55.90747028184464
DS4,0.0,2.0,70639.3578031611,603.4278563753271,678.5890118592329,2439.655167983508
DS3,0.0,0.0,19876.063852822852,248.28358190620276,301.17708005697114,911.2818770608626
DS3,0.0,0.0,38760.179221042534,447.28681577949635,526.0228876897077,1345.8877831420682
DS4,0.0,2.0,48941.24024208455,757.2183140713574,1640.975536375492,2119.082077025477
DS4,0.0,2.0,68191.51120387869,550.4579744098595,330.84063762578836,2542.962283913327
DS4,0.0,0.0,22720.304176215992,738.5733048015666,161.7322848886925,933.9504227176687
DS3,0.0,0.0,13267.674825880944,364.425362716667,172.3857242837705,602.6743702267778
DS0,0.0,0.0,0.0,52.98839465149468,0.0,0.0
DS2,0.0,0.0,3601.089060820354,264.8880959970358,29.32860414931158,125.26003643970472
DS3,0.0,0.0,17943.606473165222,217.22378992508035,465.1670300204136,989.4942857649194
DS3,0.0,0.0,23381.490280454287,412.6410998777782,143.9865949870187,837.7939495971635
DS4,0.0,1.0,31978.813644552974,795.7199911243538,473.18129217241295,1207.3956331673076
DS4,0.0,1.0,75520.61186227032,549.5928889432074,826.3016737882492,2794.429239007555
DS4,0.0,1.0,65933.51306105431,650.4957090525229,1029.7041823875275,2057.2116990296317
DS3,0.0,0.0,16839.091293637768,352.55300596653717,237.35483213258283,689.2783725223045
DS4,0.0,0.0,19067.755214712095,502.54636897938747,424.45314400495397,867.128129850481
DS4,0.0,1.0,66203.07883191056,567.1841659431442,1111.333824077584,2946.249923256725
DS3,0.0,0.0,16843.25737080192,259.2014923709605,369.262644125205,800.6643444856891
DS3,0.0,0.0,9018.383819782563,275.05915316152,71.52959165366184,354.5177777007174
DS2,0.0,0.0,2881.7494800617096,205.0302773947392,37.557354807452604,162.61877703303495
DS3,0.0,0.0,16711.703019251116,354.83594586790645,215.99395601437607,724.8993585038183
DS4,0.0,1.0,16801.742046542786,645.7379880833317,366.8355544596471,886.4791061242706
DS3,0.0,0.0,9594.301698362779,207.87583510586197,79.66145318468638,472.27121897251584
DS4,0.0,1.0,57509.58401429077,523.5006228646326,1564.4309943560397,2591.961448216494
DS4,0.0,1.0,24329.66739373315,716.6134997628112,482.8193051345298,1431.1475974523553
DS4,0.0,1.0,20577.042478028263,520.6016132216117,579.3820800841819,792.5904151219692
DS1,0.0,0.0,314.1528917586562,100.9862097804804,2.4928268904000372,24.911637821737784
DS0,0.0,0.0,0.0,50.93793999452196,0.0,0.0
DS4,0.0,1.0,45202.002785397475,787.3596397906314,753.8435578702927,1734.8062932001192
DS3,0.0,0.0,11191.260963355908,373.234989342395,53.16451379956372,523.227318087599
DS0,0.0,0.0,0.0,25.655348316909215,0.0,0.0
DS2,0.0,0.0,2408.799339870768,244.338067285078,21.059873085839943,93.2841293894746
DS2,0.0,0.0,3654.6742659974193,344.42522939052185,40.063119119660456,129.1912600131575
DS4,0.0,2.0,84889.95916309748,655.8429047672082,1217.8436766634366,3311.425513508273
DS2,0.0,0.0,4867.258666195862,350.1386878460286,58.145058707387044,288.4762059079334
DS2,0.0,0.0,4264.389311357533,281.51048918611076,28.5969747948339,140.66884111769227
DS4,0.0,1.0,99330.94628002372,708.2683358103706,391.46206859492816,3782.9296482489885
DS2,0.0,0.0,4729.97385737236,314.8302431407461,99.47353279747314,163.31950729195728
DS3,0.0,0.0,36666.394691550144,454.22449022187027,464.1122082405509,1651.988812443116
DS2,0.0,0.0,11565.186275180542,235.91655292237743,146.0229320843987,838.0135466951517
DS4,0.0,0.0,26079.120452765423,855.9409713603437,387.31056684774035,1135.7584023324616
DS4,0.0,0.0,15660.47883870851,627.4528482339169,291.73547722718735,792.0556244572715
DS3,0.0,0.0,22227.00186897859,265.2414965086844,279.7296583181812,678.299122271941
DS1,0.0,0.0,498.38378548506915,123.33790980441634,2.583361972354931,16.756421930209534
DS1,0.0,0.0,482.6783818176394,157.3439197613705,3.4943776330399263,23.42671791496369
DS4,0.0,1.0,18740.13000659763,644.5700448187217,539.6019275228764,838.7907307924457
DS2,0.0,0.0,7054.875909561459,301.3600099897665,54.00363578410516,361.4438118624972
DS4,0.0,1.0,28123.504100024868,505.2891063136402,531.4637743540422,1214.9421352409884
DS2,0.0,0.0,15032.495791075886,176.52735143602416,96.00550382436404,655.4263686201493
DS4,0.0,2.0,106902.87328782765,585.7124921653178,1012.7329169963673,4095.4497577961197
DS1,0.0,0.0,930.7322944652257,63.5630045053534,6.267886677992937,52.960424825692755
DS2,0.0,0.0,3331.6764135724143,422.67309819139143,20.935606442126108,148.33991284857981
DS1,0.0,0.0,772.0419914759593,140.89722933198212,3.8174805227255,23.403315601347714
DS4,0.0,1.0,50959.63854484267,608.63485249419,1070.9447645000002,1756.2172260745674
DS2,0.0,0.0,8755.892937801753,205.6680989977125,76.49750272238282,379.3820769474291
DS3,0.0,0.0,36769.131553005835,245.07590770778285,240.21370849318478,1402.4877049261463
DS2,0.0,0.0,2781.7993693470835,149.0872912872932,29.12404358467178,151.57270072020103
DS4,0.0,3.0,21020.437504209003,597.4609326419072,213.33416281298605,979.2374229278346
DS3,0.0,0.0,8634.417469371128,286.4298667659274,192.8799124015324,380.73652698857586
DS1,0.0,0.0,850.2440372510255,66.82390272636371,5.042410340967272,63.65868021620591
DS4,0.0,1.0,84415.02743093864,520.6124319030422,1754.9789925064656,2062.620160202507
DS3,0.0,0.0,23626.63295620455,418.17614908647124,322.3612895409211,897.1576899528498
DS1,0.0,0.0,1295.1723773522388,55.32076177639804,4.8594775258919585,47.62238077976272
DS4,0.0,1.0,92967.8901952095,705.8164209750992,1157.096103694615,3053.8906705306363
DS2,0.0,0.0,2978.121542571116,388.0140454815314,27.31872931521288,81.27418138534335
DS3,0.0,0.0,21656.633077174178,309.35370499259886,381.12699840532264,821.7256502238479
DS2,0.0,0.0,11700.899732675694,474.83643095579,112.5299559233177,426.6491880649994
DS2,0.0,0.0,7359.484457327702,148.2943001187385,57.16269385142184,246.30596889334024
DS3,0.0,0.0,8554.738848769746,247.5992211221622,126.75557297635486,401.9717366311793
DS4,0.0,1.0,20364.145587173363,545.2342425737794,256.4344418313852,851.8410929683401
DS1,0.0,0.0,806.2355843088792,165.8650928930669,7.604986212045695,54.934431993271275
DS4,0.0,9.0,115009.77726777886,624.982453361476,361.4863628799708,3288.7396075602683
DS0,0.0,0.0,0.0,62.16723761621127,0.0,0.0
DS2,0.0,0.0,6153.503291563744,253.41104645453822,43.15298415318349,338.87050601828963
DS4,0.0,8.0,53917.61437245625,808.2233081555182,287.71926879787355,1364.4945028359598
DS4,0.0,14.0,112288.69925205839,645.3023199692901,1183.3545313770048,2599.826889833329
DS2,0.0,0.0,11017.996155634111,203.6739068687274,135.02088294488786,464.90872561187143
DS1,0.0,0.0,1012.9362740113094,162.05194276383307,8.387846705676013,73.51644706192347
DS3,0.0,0.0,17434.14160389039,289.5760378220218,341.6230520927583,1287.1581101046631
DS1,0.0,0.0,404.8302732180098,95.26308529388086,2.926239275374933,18.908362512598124
DS4,0.0,0.0,16259.818220873336,771.3838967944387,476.4767343379653,670.8651824280419
DS3,0.0,0.0,15072.400262467858,244.6676106780582,419.7225122137799,739.4323847611704
DS2,0.0,0.0,2720.9652010755563,500.3259347465024,27.07210538416919,93.24711494730515
DS4,0.0,0.0,26588.60672187275,679.7537726871053,99.0418690832807,900.726933797987
DS4,0.0,1.0,62698.506756626615,555.9789085233832,1080.4436206006258,2168.016685841062
DS4,0.0,1.0,73139.85952230157,583.2858203989169,1368.3571993891446,2014.3371824125943
DS4,0.0,2.0,55159.56224588113,545.5049923843909,1650.1606233672067,2361.1102309594835
DS3,0.0,0.0,14131.999792361567,347.1646175253361,218.18523393067383,574.0954070065005
DS3,0.0,0.0,6698.9489683997635,363.27503539061377,64.5421612062413,300.9272848069144
DS2,0.0,0.0,8319.250902408423,201.54679879052273,84.84754943255373,314.5779170922947
DS1,0.0,0.0,789.4361941261641,170.76118874164325,4.8426961495654295,30.245155585107305
DS4,0.0,1.0,26009.045244851193,840.7936035204318,314.04820259849,805.4393511746297
DS4,0.0,2.0,76764.77638284495,438.54743623552434,1035.6898763949373,2314.0675260373037
DS3,0.0,0.0,10714.75230056326,286.3541105589835,125.20661457204457,365.80484573988366
DS2,0.0,0.0,3842.314092381698,190.14575187062917,33.3137048396886,250.9488312035911
DS4,0.0,1.0,60333.88327345575,431.42563585968844,930.2847533849201,2173.64072025353
DS1,0.0,0.0,1281.5778694115081,81.60936298742389,6.5196779608401325,63.934891147767964
DS1,0.0,0.0,404.8526619489387,67.12972395725663,2.857589785437364,19.513468358683802
DS1,0.0,0.0,1975.623195474936,141.5351568149249,12.917596389289177,72.97226582105155
DS3,0.0,0.0,23068.316312416264,428.4100168572704,208.7878534801381,571.9492647086838
DS4,0.0,2.0,20206.219559960504,557.004118161526,485.1908763906386,767.4037548300404
DS0,0.0,0.0,0.0,169.89936765850643,0.0,0.0
DS3,0.0,0.0,22853.975027610773,260.2981143632584,423.2714529191951,1074.1235423662524
DS2,0.0,0.0,6009.279959026043,186.2113060444465,99.10994522089221,254.53296349796588
DS4,0.0,3.0,18822.69869818632,718.3078176224726,501.78076251887654,916.0883790435773
DS2,0.0,0.0,6524.047608885609,255.2143189824766,51.490953741529175,250.57101570206112
DS3,0.0,0.0,24809.39014311588,200.80706649669463,302.0205967159978,1293.1090742870722
DS2,0.0,0.0,3369.385891923955,265.27563813429254,21.46904059989222,173.74337228336913
DS3,0.0,0.0,31472.727135692483,176.61459346492873,128.92305206196366,1196.8110941901323
DS4,0.0,1.0,54612.40855563298,549.0233791923042,1460.5567572341965,2041.2045784064517
DS4,0.0,1.0,52502.206984773424,510.90341658721957,457.3337270871895,2536.5515555982092
DS4,0.0,0.0,28740.44207996838,673.7825551440371,525.3354811227082,875.2398524309818
DS1,0.0,0.0,417.98694127906924,115.19720845528286,2.696284014721975,20.410675006192644
DS1,0.0,0.0,1211.016323826605,243.26360717705103,4.90502147494922,60.50164412696768
DS3,0.0,0.0,7596.817744126751,230.2470500512633,85.48926069334729,549.7621041702001
DS4,0.0,2.0,109398.63730380607,517.8671940525164,721.0226090139043,2913.7704673876037
DS3,0.0,0.0,8769.498097952419,422.05740600103877,67.59533901194652,445.9233863870892
DS3,0.0,0.0,9984.79228154944,220.31963471508317,141.85895334611368,346.98106575020415
DS1,0.0,0.0,304.28895769577684,224.04424590027898,3.4014409206340104,26.82596316755571
DS4,0.0,1.0,13082.13689431969,486.3623556754293,210.53217204647538,599.4308322298083
DS0,0.0,0.0,0.0,100.21888606466035,0.0,0.0
DS2,0.0,0.0,12620.819400184842,190.62401779416177,86.49932498431839,423.6437006761106
DS3,0.0,0.0,6212.664983466493,254.26427786474667,63.38574331595978,334.3085757003398
DS4,0.0,1.0,74423.83677194233,557.2083618787373,2112.494909551407,3367.3068796448442
DS1,0.0,0.0,1261.334909669214,243.9541306089138,5.387923730695384,67.25531286882531
DS4,0.0,0.0,25824.851777448275,670.9203034540509,220.22396228430887,1250.9501527162909
DS4,0.0,0.0,22434.713839642383,708.8913735888093,105.64900636240155,1068.0660421473697
DS3,0.0,0.0,11109.95361085589,385.31387756842116,124.38979022421465,599.9956344296676
DS2,0.0,0.0,6164.245509749304,271.2430688150913,76.46411193044003,252.50409631444205
DS4,0.0,1.0,38846.75352805873,550.7670267360539,175.76737598267633,1338.9596882809442
DS3,0.0,0.0,45303.954591917034,249.31344030102508,228.29181735483903,1419.578959262447
DS3,0.0,0.0,43135.61633044647,281.07775692913685,168.76008891727162,1321.129560820175
DS4,0.0,0.0,26205.715235427597,557.0150160074437,333.6097034354023,1674.210345366937
DS3,0.0,0.0,19521.978267975064,259.9492274901007,144.6632031338407,672.8090082220153
DS4,0.0,9.0,47673.17253331117,464.18112491403895,393.0098177718544,2616.7611007371115
DS2,0.0,0.0,2973.6190653436465,249.0565370716538,35.78320182390127,144.2185437357162
DS3,0.0,0.0,18101.65419764584,399.198985849932,249.6264157061787,604.1220644189589
DS3,0.0,0.0,3522.2866913114194,314.1288661253042,62.14676849250375,175.76733545289224
DS4,0.0,0.0,35679.639433514785,1036.874232891621,179.45742369537385,882.215161905212
DS3,0.0,0.0,8779.87283750023,253.3239656547235,245.5329174154972,283.69938881396973
DS2,0.0,0.0,2501.696325471515,295.93153711899373,97.98999915109977,158.42127249121762
DS4,0.0,0.0,26620.899208763272,1222.7166063383836,1188.9534276528286,844.392793078918
DS4,0.0,0.0,20549.651297000204,382.3505000158144,1340.9941009877475,584.2519029295072
DS3,0.0,0.0,4450.423298519612,341.41784719477016,215.72141873894716,284.47260723144166
DS2,0.0,0.0,3846.3377001739036,282.5415182762295,46.58410264082941,156.9130368671866
DS4,0.0,1.0,40247.12764348768,778.788529771557,640.9458527829756,1485.1056573397027
DS4,0.0,0.0,12486.165556189888,678.0994173830734,526.2369134950854,468.02842369915027
DS3,0.0,0.0,9376.679512192983,520.1827428605999,422.682624442714,435.9719746199694
DS2,0.0,0.0,3612.8969118940713,150.0893788051537,194.7596732097329,143.3451084700476
DS4,0.0,1.0,38199.0645241216,611.7921507445276,1114.192910222759,906.7136237424902
DS2,0.0,0.0,3678.3347718989467,212.7712569914001,49.5475461475835,122.61318610567058
DS3,0.0,0.0,2761.6370793078395,483.487298480312,161.84782795491498,105.3493561236676
DS4,0.0,0.0,9413.983849131133,620.1714701813946,213.0820638499168,443.8787556441976
DS1,0.0,0.0,132.94241990009007,149.75168097101442,0.39836714776504706,4.371351650483446
DS3,0.0,0.0,4068.0420542267348,356.68702786849246,51.64693898519736,216.29228941091543
DS2,0.0,0.0,2496.057816760143,201.98230211029735,160.11604969994482,92.1970919719553
DS2,0.0,0.0,1140.9527076694571,190.43375621971563,34.48118317582493,51.09988517986488
DS4,0.0,1.0,29569.55094775276,618.9017164328327,1380.3968492298031,1201.7226335714886
DS3,0.0,0.0,10638.484557379885,370.5313361164789,928.6206798777407,473.8429223734152
DS4,0.0,1.0,23345.605045710043,938.8714277028869,1017.8380912667967,814.2164475505615
DS3,0.0,0.0,8901.730259827775,323.16165484477017,183.8351366472707,451.89375470930236
DS4,0.0,0.0,20751.49880523439,801.4118700174362,1155.2273055837172,804.645393117441
DS4,0.0,0.0,16481.135442282837,657.2676213126578,224.82702700831922,498.7368190551944
DS0,0.0,0.0,0.0,178.00029139604382,0.0,0.0
DS2,0.0,0.0,1277.1319594391277,217.6007353556756,15.52834224933482,62.11313174051886
DS4,0.0,4.0,10026.253527700115,482.8944542799852,157.6841622055142,293.6336672911185
DS2,0.0,0.0,853.219322923303,247.17573028970165,7.256419136606619,49.418071960840216
DS4,0.0,4.0,15141.514271043368,617.4770862733772,148.90838886883301,624.0318995129528
DS2,0.0,0.0,1818.9306139315058,239.9720449071769,104.13417181041068,110.59213433320659
DS3,0.0,0.0,8494.875992547175,283.7959301376179,123.2674564240842,323.9599208262108
DS2,0.0,0.0,2596.419508553109,141.62702537833806,53.331964199807814,96.58364760261435
DS4,0.0,0.0,7765.538709509303,688.1857986960109,785.8733393593244,393.60953270693517
DS4,0.0,0.0,7819.792525829721,582.8105313804086,642.222897962113,323.70826276589963
DS4,0.0,0.0,21140.485588437747,889.308161897583,863.1655717966829,916.5075341732183
DS3,0.0,0.0,8300.112870310875,527.9203736083277,113.69334974912667,365.244176525074
DS4,0.0,1.0,42609.808421821144,596.5296984812181,2011.431669930551,1826.6116143562986
DS1,0.0,0.0,1544.9260219592136,96.8925541665545,7.374152086298471,40.53794175196842
DS4,0.0,2.0,83964.10769816331,1159.5004796784592,961.1544711468079,1663.1708017069138
DS4,0.0,1.0,106535.36803193537,465.06600757404277,2381.412913896178,4108.086453896858
DS3,0.0,0.0,42455.734572214795,289.36194565136435,199.89110460396694,1728.0134509417587
DS2,0.0,0.0,2778.4392068839206,262.391522392001,32.4372326773553,125.35580794291673
DS4,0.0,1.0,63773.43467785784,702.9845574294394,533.6210270103777,2088.33715511226
DS2,0.0,0.0,1700.2487132364647,175.37463644723985,19.02144620381912,119.95076519084333
DS3,0.0,0.0,13989.714322782056,534.7548853398848,303.27532866704667,647.5883229532942
DS4,0.0,1.0,62074.48444998976,654.4101367014625,977.2121133530285,2396.13645761907
DS3,0.0,0.0,44971.36520897761,273.64108213197215,435.63748741646754,1878.3923499126845
DS2,0.0,0.0,2986.516374003593,215.75423664135775,40.89366679187844,116.79964863719346
DS2,0.0,0.0,13130.457238465851,228.43209635929892,126.1025779809789,460.1541029827109
DS3,0.0,0.0,14506.408533997517,259.7397711255105,243.40908291619746,562.1293542792985
DS4,0.0,1.0,57586.590310050335,695.0836118859557,509.6772882098147,1658.3072513513505
DS4,0.0,1.0,96300.44363522127,576.3598833093153,420.4764606949866,4309.6022073289105
DS4,0.0,1.0,54580.54341296661,421.69970116364215,491.2070410478262,2558.202753809551
DS4,0.0,1.0,34364.82558459508,555.8150707723278,621.078218709012,1115.8226790056322
DS4,0.0,1.0,43686.77536901371,510.3759437381726,310.949728238808,2020.681734634582
DS4,0.0,1.0,101177.83992561758,659.7516616783732,1106.735617868141,2477.543398399766
DS3,0.0,0.0,12522.923296559413,214.30504065883747,129.07108409437473,457.05497281048804
DS4,0.0,1.0,105169.49408291,674.6415840219277,2053.035995024571,3451.5732291196064
DS4,0.0,9.0,63516.991076872226,798.8068032122374,1639.9074934253613,1606.3837177338082
DS1,0.0,0.0,455.60641231283614,141.87480863037766,3.5167864601024315,30.777111278968924
DS2,0.0,0.0,5491.329406015174,183.77365248785225,27.27378669852591,226.11603487458618
DS0,0.0,0.0,0.0,64.30921265517607,0.0,0.0
DS2,0.0,0.0,4898.061845103222,174.6903527657195,61.36756633616404,155.2478578615605
DS3,0.0,0.0,13917.903069917522,301.7751422169564,132.1816131042894,511.0707822395528
DS3,0.0,0.0,25078.050798097385,316.8449029698179,653.3455317667784,943.7084858753128
DS3,0.0,0.0,34876.448540429476,368.6217673154607,566.4541507589348,1681.6686866014493
DS4,0.0,1.0,75091.7253206098,508.4141778010566,450.98802541082915,3039.3475561863643
DS3,0.0,0.0,15594.92331633313,330.86081452616065,314.58968816465625,865.7879870064417
DS4,0.0,2.0,139545.8104594581,428.29342693170935,1348.9175246089444,3677.472096940446
DS4,0.0,0.0,18535.63191717965,863.5769661049443,236.59212430835913,840.7691253007574
DS2,0.0,0.0,8865.57452437863,265.82107870376353,68.52790974213846,492.3458162239207
DS1,0.0,0.0,1127.336497934332,78.67152820867975,6.643349251552923,89.5849153815105
DS4,0.0,1.0,42362.24524864249,774.3492740031028,1305.3388853006404,1756.597775071023
DS2,0.0,0.0,1692.2377790706405,302.6726474528656,40.08433663078437,112.57842573075322
DS2,0.0,0.0,6529.480705135977,228.63147656038834,77.47365933740437,348.39468192367923
DS4,0.0,0.0,32923.71445032429,498.9686732899885,693.692708251224,970.7602752653147
DS4,0.0,2.0,96816.31564562775,470.194828521314,430.7651471742622,3009.9304086966504
DS3,0.0,0.0,28632.59492979248,379.15693251672076,721.4265320167358,1068.9089711561596
DS3,0.0,0.0,24695.912816841366,331.1380788286863,221.9565435971306,1258.610197608849
DS4,0.0,2.0,71859.04575612163,504.50916701084344,2110.774373472608,2404.5425941587937
DS2,0.0,0.0,6227.667666851982,226.4233373271986,34.510142668011405,164.791323334006
DS3,0.0,0.0,7597.7166025961205,322.72928850959227,79.00237757725235,347.71250551200006
DS3,0.0,0.0,22210.72402354824,360.4254478495515,254.68845524055274,921.9666162791451
DS4,0.0,1.0,27489.03341198947,574.5911039065496,916.8235202271123,1152.6268457043795
DS1,0.0,0.0,1259.0040482024235,76.00231020356627,4.8497926235351265,40.072548231509174
DS2,0.0,0.0,3200.323381332949,321.21963369764524,43.777183277509195,205.8019505676411
DS2,0.0,0.0,4540.031056431402,224.8437861670764,41.794334354736094,170.93186638339594
DS3,0.0,0.0,17726.712908168865,276.90975744357297,408.24358175254713,764.2907823073191
DS3,0.0,0.0,21280.99823660846,228.9899196230975,310.22254837266604,1080.1655070115305
DS3,0.0,0.0,10125.83996337616,258.8983588210727,280.56048352303645,648.568044093136
DS3,0.0,0.0,35025.48652545406,327.03421655481463,285.57134587049404,1361.3502788943363
DS4,0.0,1.0,69202.3578356606,706.448295963401,459.79481241631345,3591.1121729051265
DS4,0.0,0.0,25006.288773997025,596.0304572579233,304.50220658921086,940.5015319854064
DS4,0.0,1.0,30690.77671000473,772.8166075257025,780.0156653843394,1360.4717299663787
DS4,0.0,2.0,91839.30382202409,745.3118315432614,1171.6470478420338,2384.826908286178
DS0,0.0,0.0,0.0,149.78991538139525,0.0,0.0
DS4,0.0,1.0,43969.76596616082,503.6433446897997,413.8731525565575,1015.2307594079317
DS4,0.0,12.0,98508.98080338471,555.0921416775377,1315.2888406476318,2449.876520403135
DS2,0.0,0.0,11462.439617486974,129.3111225652874,75.40960051624526,474.9187614217044
DS3,0.0,0.0,25531.146990685604,296.4682552723929,163.69463731423048,1170.9853185945315
DS3,0.0,0.0,40314.39489705692,356.05708178003925,177.8315577801936,1670.2955001931377
DS4,0.0,1.0,43927.992078596115,370.5196428886819,1618.1718331735603,2334.528736158373
DS2,0.0,0.0,5788.417132710969,421.5753830637077,83.11540511632504,312.76240274441244
DS1,0.0,0.0,641.0025634111109,109.00620105292222,5.122629486070742,42.63675467470852
DS4,0.0,1.0,18385.794253930933,630.0848240056315,410.5681727482369,693.6769568115446
DS4,0.0,0.0,38925.60900262956,626.4806048794987,162.27936020489483,1228.9708686670954
DS3,0.0,0.0,42112.389746373025,424.52060998130975,413.1699554498643,1069.2560698039838
DS4,0.0,1.0,31141.08153660573,875.8611818529231,178.71548608879246,1317.6833199502269
DS4,0.0,2.0,86154.76211428766,668.9210800362991,1655.555444097003,3429.337202257769
DS4,0.0,1.0,106070.52796121882,611.8314948194497,3329.983213153376,3209.641380919411
DS4,0.0,1.0,62555.01984751053,448.98578966390073,1453.9010188378938,1550.4264807948948
DS3,0.0,0.0,13899.895004069109,271.8522333776146,192.0469609463581,376.8114241427145
DS3,0.0,0.0,19301.005271903425,252.5087572201449,323.2882865682675,1031.4241027670762
DS4,0.0,1.0,57411.147483421606,613.6439264005371,1111.4821031113518,3580.2577968963624
DS3,0.0,0.0,24970.10769925841,216.18866989653685,439.5870706220335,921.7770396333518
DS3,0.0,0.0,11786.766816595473,300.1559457072476,55.760396653749616,410.9052552602343
DS2,0.0,0.0,11016.695355885146,164.42920301761953,214.0210726595575,696.6729308556958
DS4,0.0,1.0,24677.167756779403,507.61689144339755,189.39806136208261,742.7270747286573
DS2,0.0,0.0,2397.9882887678505,192.06213060455,47.3629934763659,85.65569638293043
DS4,0.0,1.0,54236.41033967408,553.3304870976951,374.53728133944946,2294.909333343011
DS4,0.0,1.0,139646.10901578973,563.2784705367367,681.9521450507712,4118.008413609958
DS1,0.0,0.0,314.3759913798893,130.9653443478094,2.26176640428022,13.231604444990511
DS3,0.0,0.0,17904.881553070558,237.84109525950817,196.29372348595592,599.7577751798909
DS2,0.0,0.0,12637.985703617547,383.60249930710563,102.35283647200245,711.505867029251
DS2,0.0,0.0,8081.07955419566,232.11776930489722,94.14751281662029,350.83323084554286
DS4,0.0,1.0,146211.30111697092,536.8844106512242,1442.931107121105,5569.263475501861
DS3,0.0,0.0,17272.260758653447,191.4373923830953,149.84172370265117,644.1459262563869
DS4,0.0,1.0,37169.06834512063,451.0669284481968,362.5889257835526,2154.1256828003484
DS4,0.0,1.0,106052.86818214806,547.5087843681331,1782.8812285682275,3374.863010191634
DS4,0.0,1.0,44699.30240904174,768.396975135518,1291.8953450881745,1920.4561717324784
DS3,0.0,0.0,14903.701041559176,290.0967621021823,232.27954812584986,516.6533528169664
DS3,0.0,0.0,20748.316634708735,311.85291217865,128.36360885436937,677.39947169117
